0 1
1 0.54030230586814
2 -0.416146836547142
3 -0.989992496600445
4 -0.653643620863612
5 0.283662185463226
6 0.960170286650366
7 0.753902254343305
8 -0.145500033808614
9 -0.911130261884677


0    1 0
0.009    0.995862720752813 0.00898138224338766
0.018    0.991725441505626 0.0179255289735506
0.027    0.98758816225844 0.0268324401904889
0.036    0.983450883011253 0.0357021158942026
0.045    0.979313603764066 0.0445345560846915
0.054    0.97517632451688 0.0533297607619557
0.063    0.971039045269693 0.0620877299259953
0.072    0.966901766022506 0.0708084635768102
0.081    0.962764486775319 0.0794919617144004
0.09    0.958627207528133 0.088138224338766
0.099    0.954489928280946 0.0967472514499068
0.108    0.950352649033759 0.105319043047823
0.117    0.946215369786572 0.113853599132514
0.126    0.942078090539386 0.122350919703981
0.135    0.937940811292199 0.130811004762223
0.144    0.933803532045012 0.139233854307241
0.153    0.929666252797825 0.147619468339034
0.162    0.925528973550639 0.155967846857602
0.171    0.921391694303452 0.164278989862945
0.18    0.917254415056265 0.172552897355064
0.189    0.913117135809078 0.180789569333958
0.198    0.908979856561892 0.188989005799627
0.207    0.904842577314705 0.197151206752072
0.216    0.900705298067518 0.205276172191292
0.225    0.896568018820331 0.213363902117287
0.234    0.892430739573145 0.221414396530058
0.243    0.888293460325958 0.229427655429604
0.252    0.884156181078771 0.237403678815925
0.261    0.880018901831584 0.245342466689022
0.27    0.875881622584398 0.253244019048894
0.279    0.871744343337211 0.261108335895541
0.288    0.867607064090024 0.268935417228963
0.297    0.863469784842838 0.276725263049161
0.306    0.859332505595651 0.284477873356135
0.315    0.855195226348464 0.292193248149883
0.324    0.851057947101277 0.299871387430407
0.333    0.846920667854091 0.307512291197706
0.342    0.842783388606904 0.315115959451781
0.351    0.838646109359717 0.32268239219263
0.36    0.83450883011253 0.330211589420255
0.369    0.830371550865344 0.337703551134656
0.378    0.826234271618157 0.345158277335832
0.387    0.82209699237097 0.352575768023783
0.396    0.817959713123783 0.359956023198509
0.405    0.813822433876597 0.367299042860011
0.414    0.80968515462941 0.374604827008288
0.423    0.805547875382223 0.38187337564334
0.432    0.801410596135036 0.389104688765168
0.441    0.79727331688785 0.396298766373771
0.45    0.793136037640663 0.403455608469149
0.459    0.788998758393476 0.410575215051303
0.468    0.784861479146289 0.417657586120232
0.477    0.780724199899103 0.424702721675936
0.486    0.776586920651916 0.431710621718416
0.495    0.772449641404729 0.43868128624767
0.504    0.768312362157543 0.445614715263701
0.513    0.764175082910356 0.452510908766506
0.522    0.760037803663169 0.459369866756087
0.531    0.755900524415982 0.466191589232443
0.54    0.751763245168795 0.472976076195575
0.549    0.747625965921609 0.479723327645482
0.558    0.743488686674422 0.486433343582164
0.567    0.739351407427235 0.493106124005621
0.576    0.735214128180048 0.499741668915854
0.585    0.731076848932862 0.506339978312862
0.594    0.726939569685675 0.512901052196646
0.603    0.722802290438488 0.519424890567204
0.612    0.718665011191302 0.525911493424538
0.621    0.714527731944115 0.532360860768648
0.63    0.710390452696928 0.538772992599532
0.639    0.706253173449741 0.545147888917192
0.648    0.702115894202554 0.551485549721628
0.657    0.697978614955368 0.557785975012838
0.666    0.693841335708181 0.564049164790824
0.675    0.689704056460994 0.570275119055586
0.684    0.685566777213808 0.576463837807122
0.693    0.681429497966621 0.582615321045434
0.702    0.677292218719434 0.588729568770521
0.711    0.673154939472247 0.594806580982384
0.72    0.669017660225061 0.600846357681022
0.729    0.664880380977874 0.606848898866435
0.738    0.660743101730687 0.612814204538624
0.747    0.6566058224835 0.618742274697587
0.756    0.652468543236314 0.624633109343327
0.765    0.648331263989127 0.630486708475841
0.774    0.64419398474194 0.636303072095131
0.783    0.640056705494753 0.642082200201196
0.792    0.635919426247567 0.647824092794036
0.801    0.63178214700038 0.653528749873652
0.81    0.627644867753193 0.659196171440043
0.819    0.623507588506007 0.66482635749321
0.828    0.61937030925882 0.670419308033151
0.837    0.615233030011633 0.675975023059868
0.846    0.611095750764446 0.681493502573361
0.855    0.60695847151726 0.686974746573628
0.864    0.602821192270073 0.692418755060671
0.873    0.598683913022886 0.69782552803449
0.882    0.594546633775699 0.703195065495083
0.891    0.590409354528513 0.708527367442452
0.9    0.586272075281326 0.713822433876597
0.909    0.582134796034139 0.719080264797516
0.918    0.577997516786952 0.724300860205211
0.927    0.573860237539766 0.729484220099681
0.936    0.569722958292579 0.734630344480927
0.945    0.565585679045392 0.739739233348948
0.954    0.561448399798205 0.744810886703744
0.963    0.557311120551019 0.749845304545316
0.972    0.553173841303832 0.754842486873662
0.981    0.549036562056645 0.759802433688784
0.99    0.544899282809458 0.764725144990682
0.999    0.540762003562272 0.769610620779355
1.008    0.532650712728817 0.774442965008458
1.017    0.52404267044708 0.779198085232749
1.026    0.515434628165342 0.783875733076505
1.035    0.506826585883605 0.788475908539725
1.044    0.498218543601867 0.79299861162241
1.053    0.48961050132013 0.797443842324559
1.062    0.481002459038392 0.801811600646172
1.071    0.472394416756655 0.80610188658725
1.08    0.463786374474917 0.810314700147792
1.089    0.45517833219318 0.814450041327799
1.098    0.446570289911442 0.818507910127269
1.107    0.437962247629705 0.822488306546205
1.116    0.429354205347967 0.826391230584604
1.125    0.420746163066229 0.830216682242468
1.134    0.412138120784492 0.833964661519796
1.143    0.403530078502754 0.837635168416589
1.152    0.394922036221017 0.841228202932846
1.161    0.386313993939279 0.844743765068567
1.17    0.377705951657542 0.848181854823753
1.179    0.369097909375804 0.851542472198403
1.188    0.360489867094067 0.854825617192517
1.197    0.351881824812329 0.858031289806096
1.206    0.343273782530592 0.861159490039139
1.215    0.334665740248854 0.864210217891647
1.224    0.326057697967117 0.867183473363619
1.233    0.317449655685379 0.870079256455055
1.242    0.308841613403641 0.872897567165955
1.251    0.300233571121904 0.87563840549632
1.26    0.291625528840166 0.87830177144615
1.269    0.283017486558429 0.880887665015443
1.278    0.274409444276691 0.883396086204201
1.287    0.265801401994954 0.885827035012424
1.296    0.257193359713216 0.888180511440111
1.305    0.248585317431479 0.890456515487262
1.314    0.239977275149741 0.892655047153877
1.323    0.231369232868004 0.894776106439957
1.332    0.222761190586266 0.896819693345501
1.341    0.214153148304529 0.89878580787051
1.35    0.205545106022791 0.900674450014983
1.359    0.196937063741054 0.90248561977892
1.368    0.188329021459316 0.904219317162322
1.377    0.179720979177578 0.905875542165188
1.386    0.171112936895841 0.907454294787518
1.395    0.162504894614103 0.908955575029313
1.404    0.153896852332366 0.910379382890572
1.413    0.145288810050628 0.911725718371295
1.422    0.136680767768891 0.912994581471483
1.431    0.128072725487153 0.914185972191136
1.44    0.119464683205416 0.915299890530252
1.449    0.110856640923678 0.916336336488833
1.458    0.102248598641941 0.917295310066878
1.467    0.093640556360203 0.918176811264388
1.476    0.0850325140784655 0.918980840081362
1.485    0.0764244717967278 0.9197073965178
1.494    0.0678164295149904 0.920356480573703
1.503    0.0592083872332529 0.92092809224907
1.512    0.0506003449515153 0.921422231543902
1.521    0.0419923026697779 0.921838898458197
1.53    0.0333842603880402 0.922178092991958
1.539    0.0247762181063028 0.922439815145182
1.548    0.0161681758245651 0.922624064917871
1.557    0.0075601335428277 0.922730842310024
1.566    -0.00104790873890992 0.922760147321642
1.575    -0.00965595102064742 0.922711979952724
1.584    -0.018263993302385 0.92258634020327
1.593    -0.0268720355841225 0.922383228073281
1.602    -0.0354800778658602 0.922102643562756
1.611    -0.0440881201475976 0.921744586671696
1.62    -0.0526961624293353 0.921309057400099
1.629    -0.0613042047110727 0.920796055747968
1.638    -0.0699122469928102 0.9202055817153
1.647    -0.0785202892745478 0.919537635302097
1.656    -0.0871283315562852 0.918792216508358
1.665    -0.0957363738380229 0.917969325334084
1.674    -0.10434441611976 0.917068961779274
1.683    -0.112952458401498 0.916091125843928
1.692    -0.121560500683235 0.915035817528047
1.701    -0.130168542964973 0.91390303683163
1.71    -0.138776585246711 0.912692783754677
1.719    -0.147384627528448 0.911405058297189
1.728    -0.155992669810186 0.910039860459165
1.737    -0.164600712091923 0.908597190240606
1.746    -0.173208754373661 0.907077047641511
1.755    -0.181816796655398 0.90547943266188
1.764    -0.190424838937136 0.903804345301713
1.773    -0.199032881218873 0.902051785561011
1.782    -0.207640923500611 0.900221753439774
1.791    -0.216248965782348 0.898314248938
1.8    -0.224857008064086 0.896329272055691
1.809    -0.233465050345823 0.894266822792847
1.818    -0.242073092627561 0.892126901149467
1.827    -0.250681134909299 0.889909507125551
1.836    -0.259289177191036 0.887614640721099
1.845    -0.267897219472774 0.885242301936112
1.854    -0.276505261754511 0.882792490770589
1.863    -0.285113304036249 0.880265207224531
1.872    -0.293721346317986 0.877660451297937
1.881    -0.302329388599724 0.874978222990807
1.89    -0.310937430881461 0.872218522303142
1.899    -0.319545473163199 0.869381349234941
1.908    -0.328153515444936 0.866466703786204
1.917    -0.336761557726674 0.863474585956932
1.926    -0.345369600008411 0.860404995747124
1.935    -0.353977642290149 0.857257933156781
1.944    -0.362585684571887 0.854033398185901
1.953    -0.371193726853624 0.850731390834487
1.962    -0.379801769135362 0.847351911102536
1.971    -0.388409811417099 0.84389495899005
1.98    -0.397017853698837 0.840360534497028
1.989    -0.405625895980574 0.836748637623471
1.998    -0.414233938262312 0.833059268369378
2.007    -0.420163756167516 0.829301800520067
2.016    -0.425328367107995 0.825497085965327
2.025    -0.430492978048475 0.821645889912123
2.034    -0.435657588988955 0.817748212360455
2.043    -0.440822199929434 0.813804053310322
2.052    -0.445986810869914 0.809813412761725
2.061    -0.451151421810394 0.805776290714664
2.07    -0.456316032750874 0.801692687169138
2.079    -0.461480643691353 0.797562602125148
2.088    -0.466645254631833 0.793386035582694
2.097    -0.471809865572313 0.789162987541775
2.106    -0.476974476512792 0.784893458002392
2.115    -0.482139087453272 0.780577446964545
2.124    -0.487303698393752 0.776214954428233
2.133    -0.492468309334232 0.771805980393457
2.142    -0.497632920274711 0.767350524860217
2.151    -0.502797531215191 0.762848587828513
2.16    -0.507962142155671 0.758300169298343
2.169    -0.513126753096151 0.75370526926971
2.178    -0.51829136403663 0.749063887742613
2.187    -0.52345597497711 0.744376024717051
2.196    -0.52862058591759 0.739641680193025
2.205    -0.53378519685807 0.734860854170534
2.214    -0.538949807798549 0.73003354664958
2.223    -0.544114418739029 0.72515975763016
2.232    -0.549279029679509 0.720239487112277
2.241    -0.554443640619989 0.715272735095929
2.25    -0.559608251560468 0.710259501581117
2.259    -0.564772862500948 0.705199786567841
2.268    -0.569937473441428 0.7000935900561
2.277    -0.575102084381907 0.694940912045895
2.286    -0.580266695322387 0.689741752537226
2.295    -0.585431306262867 0.684496111530092
2.304    -0.590595917203346 0.679203989024494
2.313    -0.595760528143826 0.673865385020432
2.322    -0.600925139084306 0.668480299517905
2.331    -0.606089750024786 0.663048732516915
2.34    -0.611254360965265 0.657570684017459
2.349    -0.616418971905745 0.65204615401954
2.358    -0.621583582846225 0.646475142523156
2.367    -0.626748193786705 0.640857649528308
2.376    -0.631912804727184 0.635193675034995
2.385    -0.637077415667664 0.629483219043218
2.394    -0.642242026608144 0.623726281552977
2.403    -0.647406637548624 0.617922862564272
2.412    -0.652571248489103 0.612072962077102
2.421    -0.657735859429583 0.606176580091468
2.43    -0.662900470370063 0.600233716607369
2.439    -0.668065081310542 0.594244371624807
2.448    -0.673229692251022 0.58820854514378
2.457    -0.678394303191502 0.582126237164288
2.466    -0.683558914131982 0.575997447686333
2.475    -0.688723525072461 0.569822176709913
2.484    -0.693888136012941 0.563600424235028
2.493    -0.699052746953421 0.55733219026168
2.502    -0.7042173578939 0.551017474789867
2.511    -0.70938196883438 0.544656277819589
2.52    -0.71454657977486 0.538248599350848
2.529    -0.71971119071534 0.531794439383642
2.538    -0.724875801655819 0.525293797917972
2.547    -0.730040412596299 0.518746674953837
2.556    -0.735205023536779 0.512153070491238
2.565    -0.740369634477259 0.505512984530175
2.574    -0.745534245417738 0.498826417070648
2.583    -0.750698856358218 0.492093368112656
2.592    -0.755863467298698 0.4853138376562
2.601    -0.761028078239178 0.478487825701279
2.61    -0.766192689179657 0.471615332247895
2.619    -0.771357300120137 0.464696357296045
2.628    -0.776521911060617 0.457730900845732
2.637    -0.781686522001096 0.450718962896955
2.646    -0.786851132941576 0.443660543449713
2.655    -0.792015743882056 0.436555642504006
2.664    -0.797180354822536 0.429404260059835
2.673    -0.802344965763015 0.4222063961172
2.682    -0.807509576703495 0.414962050676101
2.691    -0.812674187643975 0.407671223736538
2.7    -0.817838798584455 0.400333915298509
2.709    -0.823003409524934 0.392950125362017
2.718    -0.828168020465414 0.385519853927061
2.727    -0.833332631405894 0.37804310099364
2.736    -0.838497242346374 0.370519866561755
2.745    -0.843661853286853 0.362950150631405
2.754    -0.848826464227333 0.355333953202591
2.763    -0.853991075167813 0.347671274275313
2.772    -0.859155686108292 0.339962113849571
2.781    -0.864320297048772 0.332206471925364
2.79    -0.869484907989252 0.324404348502693
2.799    -0.874649518929732 0.316555743581557
2.808    -0.879814129870211 0.308660657161958
2.817    -0.884978740810691 0.300719089243893
2.826    -0.890143351751171 0.292731039827365
2.835    -0.89530796269165 0.284696508912373
2.844    -0.90047257363213 0.276615496498916
2.853    -0.90563718457261 0.268488002586994
2.862    -0.91080179551309 0.260314027176608
2.871    -0.915966406453569 0.252093570267759
2.88    -0.921131017394049 0.243826631860444
2.889    -0.926295628334529 0.235513211954666
2.898    -0.931460239275009 0.227153310550423
2.907    -0.936624850215488 0.218746927647716
2.916    -0.941789461155968 0.210294063246544
2.925    -0.946954072096448 0.201794717346908
2.934    -0.952118683036927 0.193248889948808
2.943    -0.957283293977407 0.184656581052243
2.952    -0.962447904917887 0.176017790657215
2.961    -0.967612515858367 0.167332518763722
2.97    -0.972777126798847 0.158600765371764
2.979    -0.977941737739326 0.149822530481342
2.988    -0.983106348679806 0.140997814092456
2.997    -0.988270959620285 0.132126616205106
3.006    -0.987974403346024 0.123225320320936
3.015    -0.984947263464393 0.114347172820288
3.024    -0.981920123582761 0.105496269578576
3.033    -0.97889298370113 0.0966726105957988
3.042    -0.975865843819498 0.0878761958719561
3.051    -0.972838703937867 0.0791070254070476
3.06    -0.969811564056235 0.0703650992010742
3.069    -0.966784424174604 0.0616504172540356
3.078    -0.963757284292972 0.0529629795659316
3.087    -0.960730144411341 0.0443027861367618
3.096    -0.957703004529709 0.0356698369665272
3.105    -0.954675864648078 0.0270641320552272
3.114    -0.951648724766446 0.018485671402862
3.123    -0.948621584884815 0.00993445500943099
3.132    -0.945594445003183 0.00141048287493509
3.141    -0.942567305121552 -0.00708624500062613
3.15    -0.93954016523992 -0.0155557286172526
3.159    -0.936513025358289 -0.0239979679749445
3.168    -0.933485885476657 -0.0324129630737021
3.177    -0.930458745595026 -0.0408007139135245
3.186    -0.927431605713394 -0.0491612204944123
3.195    -0.924404465831763 -0.0574944828163655
3.204    -0.921377325950131 -0.0658005008793843
3.213    -0.9183501860685 -0.074079274683468
3.222    -0.915323046186868 -0.0823308042286171
3.231    -0.912295906305237 -0.0905550895148315
3.24    -0.909268766423605 -0.0987521305421116
3.249    -0.906241626541974 -0.106921927310457
3.258    -0.903214486660342 -0.115064479819867
3.267    -0.900187346778711 -0.123179788070343
3.276    -0.897160206897079 -0.131267852061884
3.285    -0.894133067015448 -0.13932867179449
3.294    -0.891105927133816 -0.147362247268162
3.303    -0.888078787252185 -0.155368578482899
3.312    -0.885051647370553 -0.163347665438701
3.321    -0.882024507488922 -0.171299508135569
3.33    -0.87899736760729 -0.179224106573502
3.339    -0.875970227725659 -0.1871214607525
3.348    -0.872943087844027 -0.194991570672563
3.357    -0.869915947962396 -0.202834436333693
3.366    -0.866888808080764 -0.210650057735887
3.375    -0.863861668199133 -0.218438434879146
3.384    -0.860834528317501 -0.226199567763471
3.393    -0.85780738843587 -0.233933456388861
3.402    -0.854780248554238 -0.241640100755317
3.411    -0.851753108672607 -0.249319500862838
3.42    -0.848725968790975 -0.256971656711424
3.429    -0.845698828909344 -0.264596568301075
3.438    -0.842671689027712 -0.272194235631792
3.447    -0.839644549146081 -0.279764658703574
3.456    -0.836617409264449 -0.287307837516421
3.465    -0.833590269382818 -0.294823772070334
3.474    -0.830563129501186 -0.302312462365312
3.483    -0.827535989619555 -0.309773908401355
3.492    -0.824508849737923 -0.317208110178464
3.501    -0.821481709856292 -0.324615067696638
3.51    -0.81845456997466 -0.331994780955877
3.519    -0.815427430093029 -0.339347249956182
3.528    -0.812400290211397 -0.346672474697552
3.537    -0.809373150329766 -0.353970455179987
3.546    -0.806346010448134 -0.361241191403487
3.555    -0.803318870566503 -0.368484683368054
3.564    -0.800291730684871 -0.375700931073685
3.573    -0.79726459080324 -0.382889934520381
3.582    -0.794237450921608 -0.390051693708143
3.591    -0.791210311039977 -0.39718620863697
3.6    -0.788183171158345 -0.404293479306863
3.609    -0.785156031276714 -0.41137350571782
3.618    -0.782128891395082 -0.418426287869843
3.627    -0.779101751513451 -0.425451825762932
3.636    -0.776074611631819 -0.432450119397086
3.645    -0.773047471750188 -0.439421168772305
3.654    -0.770020331868556 -0.446364973888589
3.663    -0.766993191986925 -0.453281534745938
3.672    -0.763966052105293 -0.460170851344354
3.681    -0.760938912223662 -0.467032923683834
3.69    -0.75791177234203 -0.473867751764379
3.699    -0.754884632460399 -0.48067533558599
3.708    -0.751857492578767 -0.487455675148667
3.717    -0.748830352697136 -0.494208770452408
3.726    -0.745803212815504 -0.500934621497215
3.735    -0.742776072933873 -0.507633228283087
3.744    -0.739748933052241 -0.514304590810025
3.753    -0.73672179317061 -0.520948709078028
3.762    -0.733694653288978 -0.527565583087096
3.771    -0.730667513407347 -0.534155212837229
3.78    -0.727640373525715 -0.540717598328428
3.789    -0.724613233644084 -0.547252739560692
3.798    -0.721586093762452 -0.553760636534022
3.807    -0.718558953880821 -0.560241289248416
3.816    -0.715531813999189 -0.566694697703876
3.825    -0.712504674117558 -0.573120861900402
3.834    -0.709477534235926 -0.579519781837992
3.843    -0.706450394354295 -0.585891457516648
3.852    -0.703423254472663 -0.592235888936369
3.861    -0.700396114591032 -0.598553076097156
3.87    -0.6973689747094 -0.604843018999008
3.879    -0.694341834827769 -0.611105717641925
3.888    -0.691314694946137 -0.617341172025908
3.897    -0.688287555064506 -0.623549382150956
3.906    -0.685260415182874 -0.629730348017069
3.915    -0.682233275301243 -0.635884069624248
3.924    -0.679206135419611 -0.642010546972491
3.933    -0.67617899553798 -0.648109780061801
3.942    -0.673151855656348 -0.654181768892175
3.951    -0.670124715774717 -0.660226513463615
3.96    -0.667097575893085 -0.66624401377612
3.969    -0.664070436011454 -0.67223426982969
3.978    -0.661043296129822 -0.678197281624326
3.987    -0.658016156248191 -0.684133049160027
3.996    -0.654989016366559 -0.690041572436794
4.005    -0.648957091831978 -0.695915339492993
4.014    -0.640521339575036 -0.701717992434325
4.023    -0.632085587318095 -0.707444723605343
4.032    -0.623649835061153 -0.71309553300605
4.041    -0.615214082804211 -0.718670420636445
4.05    -0.60677833054727 -0.724169386496526
4.059    -0.598342578290328 -0.729592430586295
4.068    -0.589906826033387 -0.734939552905752
4.077    -0.581471073776445 -0.740210753454896
4.086    -0.573035321519504 -0.745406032233728
4.095    -0.564599569262562 -0.750525389242247
4.104    -0.556163817005621 -0.755568824480454
4.113    -0.547728064748679 -0.760536337948349
4.122    -0.539292312491738 -0.76542792964593
4.131    -0.530856560234796 -0.7702435995732
4.14    -0.522420807977855 -0.774983347730157
4.149    -0.513985055720913 -0.779647174116801
4.158    -0.505549303463971 -0.784235078733133
4.167    -0.49711355120703 -0.788747061579153
4.176    -0.488677798950088 -0.79318312265486
4.185    -0.480242046693147 -0.797543261960254
4.194    -0.471806294436205 -0.801827479495336
4.203    -0.463370542179264 -0.806035775260106
4.212    -0.454934789922323 -0.810168149254563
4.221    -0.446499037665381 -0.814224601478708
4.23    -0.438063285408439 -0.81820513193254
4.239    -0.429627533151498 -0.82210974061606
4.248    -0.421191780894556 -0.825938427529267
4.257    -0.412756028637615 -0.829691192672162
4.266    -0.404320276380673 -0.833368036044744
4.275    -0.395884524123731 -0.836968957647014
4.284    -0.38744877186679 -0.840493957478971
4.293    -0.379013019609848 -0.843943035540616
4.302    -0.370577267352907 -0.847316191831948
4.311    -0.362141515095965 -0.850613426352968
4.32    -0.353705762839023 -0.853834739103676
4.329    -0.345270010582082 -0.856980130084071
4.338    -0.336834258325141 -0.860049599294153
4.347    -0.328398506068199 -0.863043146733923
4.356    -0.319962753811258 -0.865960772403381
4.365    -0.311527001554316 -0.868802476302526
4.374    -0.303091249297375 -0.871568258431358
4.383    -0.294655497040433 -0.874258118789879
4.392    -0.286219744783491 -0.876872057378086
4.401    -0.27778399252655 -0.879410074195981
4.41    -0.269348240269608 -0.881872169243564
4.419    -0.260912488012667 -0.884258342520834
4.428    -0.252476735755725 -0.886568594027792
4.437    -0.244040983498783 -0.888802923764437
4.446    -0.235605231241842 -0.89096133173077
4.455    -0.2271694789849 -0.893043817926791
4.464    -0.218733726727959 -0.895050382352499
4.473    -0.210297974471018 -0.896981025007894
4.482    -0.201862222214076 -0.898835745892977
4.491    -0.193426469957135 -0.900614545007747
4.5    -0.184990717700193 -0.902317422352205
4.509    -0.176554965443251 -0.903944377926351
4.518    -0.16811921318631 -0.905495411730184
4.527    -0.159683460929368 -0.906970523763704
4.536    -0.151247708672427 -0.908369714026912
4.545    -0.142811956415485 -0.909692982519808
4.554    -0.134376204158543 -0.910940329242391
4.563    -0.125940451901602 -0.912111754194662
4.572    -0.11750469964466 -0.91320725737662
4.581    -0.109068947387719 -0.914226838788266
4.59    -0.100633195130778 -0.915170498429599
4.599    -0.0921974428738357 -0.91603823630062
4.608    -0.0837616906168946 -0.916830052401328
4.617    -0.0753259383599527 -0.917545946731724
4.626    -0.0668901861030109 -0.918185919291807
4.635    -0.0584544338460699 -0.918749970081578
4.644    -0.050018681589128 -0.919238099101036
4.653    -0.041582929332187 -0.919650306350182
4.662    -0.0331471770752451 -0.919986591829016
4.671    -0.0247114248183032 -0.920246955537537
4.68    -0.0162756725613622 -0.920431397475745
4.689    -0.00783992030442038 -0.920539917643641
4.698    0.000595831952521553 -0.920572516041225
4.707    0.0090315842094626 -0.920529192668496
4.716    0.0174673364664044 -0.920409947525454
4.725    0.0259030887233455 -0.920214780612101
4.734    0.0343388409802873 -0.919943691928434
4.743    0.0427745932372292 -0.919596681474455
4.752    0.0512103454941703 -0.919173749250164
4.761    0.0596460977511121 -0.91867489525556
4.77    0.0680818500080531 -0.918100119490644
4.779    0.0765176022649949 -0.917449421955415
4.788    0.0849533545219369 -0.916722802649874
4.797    0.0933891067788779 -0.915920261574021
4.806    0.10182485903582 -0.915041798727854
4.815    0.110260611292762 -0.914087414111376
4.824    0.118696363549703 -0.913057107724585
4.833    0.127132115806645 -0.911950879567481
4.842    0.135567868063586 -0.910768729640065
4.851    0.144003620320527 -0.909510657942336
4.86    0.152439372577469 -0.908176664474295
4.869    0.16087512483441 -0.906766749235942
4.878    0.169310877091352 -0.905280912227276
4.887    0.177746629348293 -0.903719153448298
4.896    0.186182381605235 -0.902081472899007
4.905    0.194618133862177 -0.900367870579403
4.914    0.203053886119118 -0.898578346489488
4.923    0.21148963837606 -0.896712900629259
4.932    0.219925390633002 -0.894771532998718
4.941    0.228361142889943 -0.892754243597865
4.95    0.236796895146885 -0.8906610324267
4.959    0.245232647403826 -0.888491899485222
4.968    0.253668399660767 -0.886246844773431
4.977    0.262104151917709 -0.883925868291327
4.986    0.27053990417465 -0.881528970038912
4.995    0.278975656431592 -0.879056150016184
5.004    0.286368217867975 -0.876509494604785
5.013    0.292456790778659 -0.873904782065875
5.022    0.298545363689344 -0.871245272370769
5.031    0.304633936600027 -0.868530965519467
5.04    0.310722509510712 -0.865761861511968
5.049    0.316811082421396 -0.862937960348274
5.058    0.32289965533208 -0.860059262028383
5.067    0.328988228242765 -0.857125766552296
5.076    0.335076801153449 -0.854137473920013
5.085    0.341165374064133 -0.851094384131534
5.094    0.347253946974818 -0.847996497186859
5.103    0.353342519885502 -0.844843813085987
5.112    0.359431092796186 -0.84163633182892
5.121    0.365519665706871 -0.838374053415656
5.13    0.371608238617554 -0.835056977846196
5.139    0.377696811528239 -0.83168510512054
5.148    0.383785384438923 -0.828258435238688
5.157    0.389873957349607 -0.824776968200639
5.166    0.395962530260292 -0.821240704006395
5.175    0.402051103170976 -0.817649642655954
5.184    0.40813967608166 -0.814003784149317
5.193    0.414228248992344 -0.810303128486484
5.202    0.420316821903029 -0.806547675667455
5.211    0.426405394813713 -0.80273742569223
5.22    0.432493967724397 -0.798872378560808
5.229    0.438582540635081 -0.794952534273191
5.238    0.444671113545766 -0.790977892829377
5.247    0.45075968645645 -0.786948454229367
5.256    0.456848259367134 -0.782864218473161
5.265    0.462936832277818 -0.778725185560759
5.274    0.469025405188503 -0.77453135549216
5.283    0.475113978099187 -0.770282728267365
5.292    0.481202551009871 -0.765979303886375
5.301    0.487291123920556 -0.761621082349188
5.31    0.493379696831239 -0.757208063655805
5.319    0.499468269741924 -0.752740247806225
5.328    0.505556842652608 -0.74821763480045
5.337    0.511645415563292 -0.743640224638479
5.346    0.517733988473977 -0.739008017320311
5.355    0.523822561384661 -0.734321012845947
5.364    0.529911134295345 -0.729579211215387
5.373    0.53599970720603 -0.724782612428631
5.382    0.542088280116714 -0.719931216485678
5.391    0.548176853027398 -0.71502502338653
5.4    0.554265425938082 -0.710064033131185
5.409    0.560353998848766 -0.705048245719644
5.418    0.566442571759451 -0.699977661151907
5.427    0.572531144670135 -0.694852279427974
5.436    0.578619717580819 -0.689672100547845
5.445    0.584708290491504 -0.684437124511519
5.454    0.590796863402188 -0.679147351318998
5.463    0.596885436312872 -0.67380278097028
5.472    0.602974009223556 -0.668403413465366
5.481    0.60906258213424 -0.662949248804256
5.49    0.615151155044925 -0.65744028698695
5.499    0.621239727955609 -0.651876528013448
5.508    0.627328300866293 -0.646257971883749
5.517    0.633416873776978 -0.640584618597854
5.526    0.639505446687662 -0.634856468155763
5.535    0.645594019598346 -0.629073520557476
5.544    0.65168259250903 -0.623235775802993
5.553    0.657771165419714 -0.617343233892314
5.562    0.663859738330399 -0.611395894825438
5.571    0.669948311241083 -0.605393758602367
5.58    0.676036884151767 -0.599336825223099
5.589    0.682125457062452 -0.593225094687634
5.598    0.688214029973136 -0.587058566995975
5.607    0.69430260288382 -0.580837242148118
5.616    0.700391175794504 -0.574561120144066
5.625    0.706479748705189 -0.568230200983817
5.634    0.712568321615873 -0.561844484667372
5.643    0.718656894526557 -0.555403971194732
5.652    0.724745467437242 -0.548908660565894
5.661    0.730834040347925 -0.542358552780861
5.67    0.73692261325861 -0.535753647839632
5.679    0.743011186169294 -0.529093945742206
5.688    0.749099759079978 -0.522379446488585
5.697    0.755188331990663 -0.515610150078766
5.706    0.761276904901347 -0.508786056512752
5.715    0.767365477812031 -0.501907165790542
5.724    0.773454050722716 -0.494973477912136
5.733    0.7795426236334 -0.487984992877534
5.742    0.785631196544084 -0.480941710686735
5.751    0.791719769454769 -0.47384363133974
5.76    0.797808342365452 -0.466690754836549
5.769    0.803896915276137 -0.459483081177162
5.778    0.809985488186821 -0.452220610361579
5.787    0.816074061097505 -0.444903342389799
5.796    0.82216263400819 -0.437531277261823
5.805    0.828251206918874 -0.430104414977652
5.814    0.834339779829558 -0.422622755537284
5.823    0.840428352740243 -0.415086298940719
5.832    0.846516925650927 -0.407495045187959
5.841    0.852605498561611 -0.399848994279003
5.85    0.858694071472295 -0.392148146213851
5.859    0.864782644382979 -0.384392500992501
5.868    0.870871217293664 -0.376582058614956
5.877    0.876959790204348 -0.368716819081216
5.886    0.883048363115032 -0.360796782391278
5.895    0.889136936025716 -0.352821948545145
5.904    0.895225508936401 -0.344792317542815
5.913    0.901314081847085 -0.33670788938429
5.922    0.907402654757769 -0.328568664069568
5.931    0.913491227668453 -0.32037464159865
5.94    0.919579800579138 -0.312125821971535
5.949    0.925668373489822 -0.303822205188226
5.958    0.931756946400506 -0.295463791248719
5.967    0.93784551931119 -0.287050580153017
5.976    0.943934092221875 -0.278582571901118
5.985    0.950022665132559 -0.270059766493022
5.994    0.956111238043243 -0.261482163928732
6.003    0.959551482553445 -0.252853736700845
6.012    0.957695070262681 -0.244226127213173
6.021    0.955838657971918 -0.235615225436117
6.03    0.953982245681154 -0.227021031369678
6.039    0.952125833390391 -0.218443545013856
6.048    0.950269421099627 -0.209882766368651
6.057    0.948413008808863 -0.201338695434062
6.066    0.9465565965181 -0.192811332210091
6.075    0.944700184227336 -0.184300676696737
6.084    0.942843771936573 -0.175806728894
6.093    0.940987359645809 -0.167329488801878
6.102    0.939130947355046 -0.158868956420374
6.111    0.937274535064282 -0.150425131749488
6.12    0.935418122773519 -0.141998014789217
6.129    0.933561710482755 -0.133587605539565
6.138    0.931705298191992 -0.125193904000528
6.147    0.929848885901228 -0.116816910172108
6.156    0.927992473610465 -0.108456624054306
6.165    0.926136061319701 -0.10011304564712
6.174    0.924279649028937 -0.0917861749505509
6.183    0.922423236738174 -0.0834760119645994
6.192    0.92056682444741 -0.0751825566892639
6.201    0.918710412156647 -0.0669058091245462
6.21    0.916853999865883 -0.0586457692704445
6.219    0.91499758757512 -0.0504024371269597
6.228    0.913141175284356 -0.0421758126940925
6.237    0.911284762993593 -0.0339658959718414
6.246    0.909428350702829 -0.0257726869602072
6.255    0.907571938412065 -0.0175961856591907
6.264    0.905715526121302 -0.00943639206879024
6.273    0.903859113830538 -0.00129330618900747
6.282    0.902002701539775 0.00683307198015926
6.291    0.900146289249011 0.0149427424387091
6.3    0.898289876958248 0.0230357051866413
6.309    0.896433464667484 0.0311119602239574
6.318    0.894577052376721 0.0391715075506558
6.327    0.892720640085957 0.0472143471667382
6.336    0.890864227795193 0.0552404790722036
6.345    0.88900781550443 0.0632499032670515
6.354    0.887151403213666 0.0712426197512832
6.363    0.885294990922903 0.0792186285248981
6.372    0.883438578632139 0.0871779295878953
6.381    0.881582166341376 0.0951205229402764
6.39    0.879725754050612 0.10304640858204
6.399    0.877869341759849 0.110955586513187
6.408    0.876012929469085 0.118848056733718
6.417    0.874156517178321 0.126723819243631
6.426    0.872300104887558 0.134582874042927
6.435    0.870443692596794 0.142425221131606
6.444    0.868587280306031 0.150250860509669
6.453    0.866730868015267 0.158059792177116
6.462    0.864874455724504 0.165852016133944
6.471    0.86301804343374 0.173627532380156
6.48    0.861161631142977 0.181386340915752
6.489    0.859305218852213 0.18912844174073
6.498    0.857448806561449 0.196853834855092
6.507    0.855592394270686 0.204562520258836
6.516    0.853735981979922 0.212254497951964
6.525    0.851879569689159 0.219929767934475
6.534    0.850023157398395 0.227588330206368
6.543    0.848166745107632 0.235230184767646
6.552    0.846310332816868 0.242855331618306
6.561    0.844453920526105 0.250463770758349
6.57    0.842597508235341 0.258055502187776
6.579    0.840741095944578 0.265630525906585
6.588    0.838884683653814 0.273188841914778
6.597    0.83702827136305 0.280730450212355
6.606    0.835171859072287 0.288255350799313
6.615    0.833315446781523 0.295763543675655
6.624    0.83145903449076 0.30325502884138
6.633    0.829602622199996 0.310729806296489
6.642    0.827746209909233 0.318187876040981
6.651    0.825889797618469 0.325629238074855
6.66    0.824033385327706 0.333053892398113
6.669    0.822176973036942 0.340461839010754
6.678    0.820320560746178 0.347853077912778
6.687    0.818464148455415 0.355227609104185
6.696    0.816607736164651 0.362585432584975
6.705    0.814751323873888 0.369926548355149
6.714    0.812894911583124 0.377250956414706
6.723    0.811038499292361 0.384558656763645
6.732    0.809182087001597 0.391849649401968
6.741    0.807325674710834 0.399123934329674
6.75    0.80546926242007 0.406381511546763
6.759    0.803612850129306 0.413622381053235
6.768    0.801756437838543 0.42084654284909
6.777    0.799900025547779 0.428053996934329
6.786    0.798043613257016 0.43524474330895
6.795    0.796187200966252 0.442418781972955
6.804    0.794330788675489 0.449576112926343
6.813    0.792474376384725 0.456716736169114
6.822    0.790617964093962 0.463840651701268
6.831    0.788761551803198 0.470947859522805
6.84    0.786905139512434 0.478038359633725
6.849    0.785048727221671 0.485112152034029
6.858    0.783192314930907 0.492169236723715
6.867    0.781335902640144 0.499209613702785
6.876    0.77947949034938 0.506233282971239
6.885    0.777623078058617 0.513240244529074
6.894    0.775766665767853 0.520230498376293
6.903    0.77391025347709 0.527204044512895
6.912    0.772053841186326 0.534160882938881
6.921    0.770197428895562 0.54110101365425
6.93    0.768341016604799 0.548024436659001
6.939    0.766484604314035 0.554931151953136
6.948    0.764628192023272 0.561821159536654
6.957    0.762771779732508 0.568694459409555
6.966    0.760915367441745 0.575551051571839
6.975    0.759058955150981 0.582390936023506
6.984    0.757202542860218 0.589214112764557
6.993    0.755346130569454 0.59602058179499
7.002    0.752103449767001 0.602808956846295
7.011    0.744008829173633 0.609541462101528
7.02    0.735914208580267 0.61620111577142
7.029    0.727819587986899 0.622787917855973
7.038    0.719724967393532 0.629301868355185
7.047    0.711630346800165 0.635742967269056
7.056    0.703535726206797 0.642111214597588
7.065    0.69544110561343 0.648406610340779
7.074    0.687346485020063 0.654629154498629
7.083    0.679251864426695 0.66077884707114
7.092    0.671157243833328 0.66685568805831
7.101    0.663062623239961 0.67285967746014
7.11    0.654968002646593 0.678790815276629
7.119    0.646873382053227 0.684649101507778
7.128    0.638778761459859 0.690434536153587
7.137    0.630684140866492 0.696147119214055
7.146    0.622589520273125 0.701786850689184
7.155    0.614494899679757 0.707353730578972
7.164    0.60640027908639 0.712847758883419
7.173    0.598305658493023 0.718268935602527
7.182    0.590211037899655 0.723617260736294
7.191    0.582116417306288 0.728892734284721
7.2    0.574021796712921 0.734095356247807
7.209    0.565927176119554 0.739225126625553
7.218    0.557832555526186 0.744282045417959
7.227    0.549737934932819 0.749266112625025
7.236    0.541643314339452 0.75417732824675
7.245    0.533548693746085 0.759015692283135
7.254    0.525454073152718 0.763781204734179
7.263    0.51735945255935 0.768473865599884
7.272    0.509264831965983 0.773093674880248
7.281    0.501170211372616 0.777640632575271
7.29    0.493075590779248 0.782114738684955
7.299    0.484980970185881 0.786515993209298
7.308    0.476886349592514 0.790844396148301
7.317    0.468791728999146 0.795099947501963
7.326    0.46069710840578 0.799282647270285
7.335    0.452602487812412 0.803392495453267
7.344    0.444507867219045 0.807429492050909
7.353    0.436413246625678 0.81139363706321
7.362    0.42831862603231 0.815284930490171
7.371    0.420224005438943 0.819103372331792
7.38    0.412129384845576 0.822848962588072
7.389    0.404034764252208 0.826521701259012
7.398    0.395940143658841 0.830121588344612
7.407    0.387845523065474 0.833648623844871
7.416    0.379750902472106 0.83710280775979
7.425    0.37165628187874 0.840484140089369
7.434    0.363561661285372 0.843792620833608
7.443    0.355467040692005 0.847028249992506
7.452    0.347372420098638 0.850191027566064
7.461    0.33927779950527 0.853280953554281
7.47    0.331183178911903 0.856298027957158
7.479    0.323088558318536 0.859242250774696
7.488    0.314993937725168 0.862113622006892
7.497    0.306899317131801 0.864912141653748
7.506    0.298804696538434 0.867637809715265
7.515    0.290710075945067 0.87029062619144
7.524    0.282615455351699 0.872870591082276
7.533    0.274520834758332 0.875377704387771
7.542    0.266426214164965 0.877811966107926
7.551    0.258331593571598 0.88017337624274
7.56    0.250236972978231 0.882461934792214
7.569    0.242142352384863 0.884677641756348
7.578    0.234047731791496 0.886820497135142
7.587    0.225953111198129 0.888890500928595
7.596    0.217858490604761 0.890887653136708
7.605    0.209763870011394 0.892811953759481
7.614    0.201669249418027 0.894663402796913
7.623    0.193574628824659 0.896442000249006
7.632    0.185480008231293 0.898147746115757
7.641    0.177385387637925 0.899780640397169
7.65    0.169290767044557 0.90134068309324
7.659    0.161196146451191 0.902827874203971
7.668    0.153101525857823 0.904242213729361
7.677    0.145006905264456 0.905583701669412
7.686    0.136912284671089 0.906852338024122
7.695    0.128817664077721 0.908048122793491
7.704    0.120723043484354 0.909171055977521
7.713    0.112628422890987 0.91022113757621
7.722    0.104533802297619 0.911198367589558
7.731    0.0964391817042526 0.912102746017567
7.74    0.088344561110885 0.912934272860235
7.749    0.0802499405175182 0.913692948117563
7.758    0.0721553199241507 0.91437877178955
7.767    0.0640606993307831 0.914991743876197
7.776    0.0559660787374163 0.915531864377504
7.785    0.0478714581440487 0.915999133293471
7.794    0.039776837550682 0.916393550624097
7.803    0.0316822169573144 0.916715116369383
7.812    0.0235875963639468 0.916963830529329
7.821    0.0154929757705801 0.917139693103934
7.83    0.00739835517721243 0.917242704093199
7.839    -0.000696265416155084 0.917272863497124
7.848    -0.00879088600952183 0.917230171315708
7.857    -0.0168855066028895 0.917114627548953
7.866    -0.0249801271962562 0.916926232196857
7.875    -0.0330747477896237 0.91666498525942
7.884    -0.0411693683829913 0.916330886736643
7.893    -0.0492639889763581 0.915923936628526
7.902    -0.0573586095697257 0.915444134935069
7.911    -0.0654532301630925 0.914891481656271
7.92    -0.07354785075646 0.914265976792133
7.929    -0.0816424713498276 0.913567620342655
7.938    -0.0897370919431943 0.912796412307836
7.947    -0.097831712536562 0.911952352687677
7.956    -0.105926333129929 0.911035441482178
7.965    -0.114020953723296 0.910045678691339
7.974    -0.122115574316664 0.908983064315159
7.983    -0.130210194910031 0.907847598353639
7.992    -0.138304815503398 0.906639280806778
8.001    -0.146265664036689 0.905358178560608
8.01    -0.153156336089374 0.90401077956004
8.019    -0.160047008142059 0.902601364510999
8.028    -0.166937680194744 0.901129933413483
8.037    -0.173828352247429 0.899596486267493
8.046    -0.180719024300112 0.89800102307303
8.055    -0.187609696352797 0.896343543830092
8.064    -0.194500368405482 0.894624048538679
8.073    -0.201391040458166 0.892842537198793
8.082    -0.208281712510851 0.890999009810432
8.091    -0.215172384563535 0.889093466373598
8.1    -0.22206305661622 0.887125906888289
8.109    -0.228953728668904 0.885096331354505
8.118    -0.235844400721589 0.883004739772248
8.127    -0.242735072774274 0.880851132141517
8.136    -0.249625744826958 0.878635508462312
8.145    -0.256516416879642 0.876357868734632
8.154    -0.263407088932327 0.874018212958478
8.163    -0.270297760985012 0.87161654113385
8.172    -0.277188433037697 0.869152853260747
8.181    -0.28407910509038 0.866627149339171
8.19    -0.290969777143065 0.864039429369121
8.199    -0.29786044919575 0.861389693350596
8.208    -0.304751121248435 0.858677941283597
8.217    -0.31164179330112 0.855904173168124
8.226    -0.318532465353805 0.853068389004177
8.235    -0.325423137406488 0.850170588791756
8.244    -0.332313809459173 0.84721077253086
8.253    -0.339204481511858 0.844188940221491
8.262    -0.346095153564542 0.841105091863647
8.271    -0.352985825617227 0.837959227457329
8.28    -0.359876497669911 0.834751347002537
8.289    -0.366767169722596 0.831481450499271
8.298    -0.37365784177528 0.82814953794753
8.307    -0.380548513827965 0.824755609347315
8.316    -0.38743918588065 0.821299664698626
8.325    -0.394329857933334 0.817781704001464
8.334    -0.401220529986018 0.814201727255827
8.343    -0.408111202038703 0.810559734461715
8.352    -0.415001874091388 0.80685572561913
8.361    -0.421892546144073 0.80308970072807
8.37    -0.428783218196756 0.799261659788537
8.379    -0.435673890249441 0.795371602800529
8.388    -0.442564562302126 0.791419529764047
8.397    -0.449455234354811 0.78740544067909
8.406    -0.456345906407496 0.78332933554566
8.415    -0.463236578460179 0.779191214363756
8.424    -0.470127250512864 0.774991077133377
8.433    -0.477017922565549 0.770728923854524
8.442    -0.483908594618234 0.766404754527197
8.451    -0.490799266670918 0.762018569151396
8.46    -0.497689938723603 0.75757036772712
8.469    -0.504580610776287 0.753060150254371
8.478    -0.511471282828972 0.748487916733147
8.487    -0.518361954881656 0.743853667163449
8.496    -0.525252626934341 0.739157401545277
8.505    -0.532143298987026 0.734399119878631
8.514    -0.53903397103971 0.729578822163511
8.523    -0.545924643092395 0.724696508399917
8.532    -0.552815315145079 0.719752178587848
8.541    -0.559705987197764 0.714745832727305
8.55    -0.566596659250449 0.709677470818288
8.559    -0.573487331303132 0.704547092860798
8.568    -0.580378003355817 0.699354698854832
8.577    -0.587268675408502 0.694100288800392
8.586    -0.594159347461187 0.688783862697478
8.595    -0.601050019513872 0.683405420546091
8.604    -0.607940691566555 0.67796496234623
8.613    -0.61483136361924 0.672462488097893
8.622    -0.621722035671925 0.666897997801083
8.631    -0.62861270772461 0.661271491455798
8.64    -0.635503379777295 0.655582969062039
8.649    -0.642394051829978 0.649832430619808
8.658    -0.649284723882663 0.6440198761291
8.667    -0.656175395935348 0.638145305589919
8.676    -0.663066067988032 0.632208719002264
8.685    -0.669956740040717 0.626210116366134
8.694    -0.676847412093402 0.62014949768153
8.703    -0.683738084146086 0.614026862948454
8.712    -0.690628756198771 0.607842212166902
8.721    -0.697519428251455 0.601595545336875
8.73    -0.70441010030414 0.595286862458375
8.739    -0.711300772356825 0.5889161635314
8.748    -0.718191444409508 0.582483448555953
8.757    -0.725082116462193 0.57598871753203
8.766    -0.731972788514878 0.569431970459633
8.775    -0.738863460567563 0.562813207338762
8.784    -0.745754132620248 0.556132428169416
8.793    -0.752644804672931 0.549389632951598
8.802    -0.759535476725616 0.542584821685304
8.811    -0.766426148778301 0.535717994370536
8.82    -0.773316820830986 0.528789151007294
8.829    -0.780207492883671 0.521798291595578
8.838    -0.787098164936354 0.514745416135389
8.847    -0.793988836989039 0.507630524626725
8.856    -0.800879509041724 0.500453617069586
8.865    -0.807770181094409 0.493214693463973
8.874    -0.814660853147093 0.485913753809886
8.883    -0.821551525199777 0.478550798107326
8.892    -0.828442197252462 0.471125826356291
8.901    -0.835332869305146 0.463638838556781
8.91    -0.842223541357831 0.456089834708798
8.919    -0.849114213410516 0.44847881481234
8.928    -0.856004885463201 0.440805778867408
8.937    -0.862895557515884 0.433070726874003
8.946    -0.869786229568569 0.425273658832123
8.955    -0.876676901621254 0.417414574741768
8.964    -0.883567573673939 0.40949347460294
8.973    -0.890458245726624 0.401510358415637
8.982    -0.897348917779307 0.393465226179861
8.991    -0.904239589831992 0.38535807789561


0    1   0
0.009    0.999319034880238   0.00899698274095776
0.018    0.998575291098222   0.0179875542918575
0.027    0.997768768653952   0.026971149644739
0.036    0.996899467547428   0.0359472037916419
0.045    0.99596738777865   0.0449151517246059
0.054    0.994972529347619   0.0538744284356708
0.063    0.993914892254333   0.0628244689168763
0.072    0.992794476498794   0.0717647081602621
0.081    0.991611282081   0.0806945811578678
0.09    0.990365309000953   0.0896135229017333
0.099    0.989056557258651   0.0985209683838982
0.108    0.987685026854096   0.107416352596402
0.117    0.986250717787287   0.116299110531285
0.126    0.984753630058224   0.125168677180587
0.135    0.983193763666906   0.134024487536346
0.144    0.981571118613335   0.142865976590604
0.153    0.979885694897511   0.1516925793354
0.162    0.978137492519432   0.160503730762773
0.171    0.976326511479099   0.169298865864763
0.18    0.974452751776512   0.17807741963341
0.189    0.972516213411671   0.186838827060753
0.198    0.970516896384577   0.195582523138833
0.207    0.968454800695228   0.204307942859689
0.216    0.966329926343626   0.21301452121536
0.225    0.96414227332977   0.221701693197887
0.234    0.961891841653659   0.230368893799309
0.243    0.959578631315295   0.239015558011666
0.252    0.957202642314677   0.247641120826998
0.261    0.954763874651805   0.256245017237344
0.27    0.952262328326679   0.264826682234744
0.279    0.949698003339299   0.273385550811237
0.288    0.947070899689665   0.281921057958864
0.297    0.944381017377777   0.290432638669665
0.306    0.941628356403636   0.298919727935678
0.315    0.93881291676724   0.307381760748943
0.324    0.93593469846859   0.315818172101501
0.333    0.932993701507687   0.324228396985391
0.342    0.929989925884529   0.332611870392653
0.351    0.926923371599118   0.340968027315326
0.36    0.923794038651452   0.34929630274545
0.369    0.920601927041533   0.357596131675065
0.378    0.91734703676936   0.365866949096211
0.387    0.914029367834933   0.374108190000927
0.396    0.910648920238252   0.382319289381253
0.405    0.907205693979317   0.390499682229229
0.414    0.903699689058128   0.398648803536894
0.423    0.900130905474685   0.406766088296288
0.432    0.896499343228989   0.414850971499451
0.441    0.892805002321038   0.422902888138423
0.45    0.889047882750833   0.430921273205243
0.459    0.885227984518375   0.438905561691951
0.468    0.881345307623662   0.446855188590587
0.477    0.877399852066696   0.454769588893191
0.486    0.873391617847476   0.462648197591801
0.495    0.869320604966001   0.470490449678458
0.504    0.865186813422273   0.478295780145202
0.513    0.860990243216291   0.486063623984073
0.522    0.856730894348055   0.493793416187109
0.531    0.852408766817565   0.501484591746351
0.54    0.848023860624821   0.509136585653838
0.549    0.843576175769823   0.516748832901611
0.558    0.839065712252571   0.524320768481708
0.567    0.834492470073066   0.53185182738617
0.576    0.829856449231306   0.539341444607037
0.585    0.825157649727293   0.546789055136347
0.594    0.820396071561025   0.554194093966141
0.603    0.815571714732504   0.561555996088459
0.612    0.810684579241728   0.56887419649534
0.621    0.805734665088699   0.576148130178823
0.63    0.800721972273416   0.583377232130949
0.639    0.795646500795879   0.590560937343758
0.648    0.790508250656088   0.597698680809288
0.657    0.785307221854043   0.604789897519581
0.666    0.780043414389744   0.611834022466675
0.675    0.774716828263191   0.618830490642609
0.684    0.769327463474384   0.625778737039425
0.693    0.763875320023323   0.632678196649161
0.702    0.758360397910009   0.639528304463858
0.711    0.75278269713444   0.646328495475555
0.72    0.747142217696618   0.653078204676291
0.729    0.741438959596541   0.659776867058107
0.738    0.735672922834211   0.666423917613042
0.747    0.729844107409626   0.673018791333136
0.756    0.723952513322788   0.679560923210429
0.765    0.717998140573696   0.68604974823696
0.774    0.71198098916235   0.692484701404769
0.783    0.70590105908875   0.698865217705895
0.792    0.699758350352896   0.705190732132379
0.801    0.693552862954788   0.711460679676261
0.81    0.687284596894426   0.717674495329579
0.819    0.680953552171811   0.723831614084373
0.828    0.674559728786941   0.729931470932685
0.837    0.668103126739817   0.735973500866552
0.846    0.66158374603044   0.741957138878015
0.855    0.655001586658809   0.747881819959113
0.864    0.648356648624923   0.753746979101886
0.873    0.641648931928784   0.759552051298375
0.882    0.634878436570391   0.765296471540618
0.891    0.628045162549743   0.770979674820655
0.9    0.621149109866842   0.776601096130526
0.909    0.614190278521687   0.782160170462271
0.918    0.607168668514278   0.78765633280793
0.927    0.600084279844615   0.793089018159542
0.936    0.592937112512699   0.798457661509146
0.945    0.585727166518528   0.803761697848783
0.954    0.578454441862103   0.809000562170493
0.963    0.571118938543425   0.814173689466315
0.972    0.563720656562492   0.819280514728288
0.981    0.556259595919306   0.824320472948453
0.99    0.548735756613865   0.829292999118849
0.999    0.541149138646171   0.834197528231515
1.008    0.533517552817165   0.839033542773962
1.017    0.525867993622027   0.843800791004243
1.026    0.51820073935452   0.848499113573941
1.035    0.510515790014646   0.853128351227407
1.044    0.502813145602404   0.857688344708988
1.053    0.495092806117794   0.862178934763033
1.062    0.487354771560815   0.866599962133891
1.071    0.479599041931469   0.870951267565911
1.08    0.471825617229755   0.875232691803441
1.089    0.464034497455672   0.879444075590829
1.098    0.456225682609222   0.883585259672426
1.107    0.448399172690404   0.887656084792578
1.116    0.440554967699218   0.891656391695636
1.125    0.432693067635664   0.895586021125947
1.134    0.424813472499741   0.89944481382786
1.143    0.416916182291451   0.903232610545725
1.152    0.409001197010793   0.906949252023889
1.161    0.401068516657767   0.910594579006702
1.17    0.393118141232373   0.914168432238512
1.179    0.385150070734611   0.917670652463668
1.188    0.377164305164481   0.921101080426518
1.197    0.369160844521983   0.924459556871411
1.206    0.361139688807117   0.927745922542697
1.215    0.353100838019883   0.930960018184723
1.224    0.345044292160281   0.934101684541838
1.233    0.33697005122831   0.93717076235839
1.242    0.328878115223973   0.94016709237873
1.251    0.320768484147267   0.943090515347205
1.26    0.312641157998193   0.945940872008164
1.269    0.304496136776751   0.948718003105955
1.278    0.296333420482941   0.951421749384928
1.287    0.288153009116763   0.954051951589431
1.296    0.279954902678217   0.956608450463813
1.305    0.271739101167303   0.959091086752422
1.314    0.263505604584021   0.961499701199607
1.323    0.255254412928371   0.963834134549717
1.332    0.246985526200353   0.966094227547101
1.341    0.238698944399968   0.968279820936106
1.35    0.230394667527214   0.970390755461083
1.359    0.222072695582092   0.972426871866379
1.368    0.213733028564602   0.974388010896343
1.377    0.205375666474745   0.976274013295325
1.386    0.197000609312519   0.978084719807672
1.395    0.188607857077925   0.979819971177733
1.404    0.180197409770963   0.981479608149857
1.413    0.171769267391634   0.983063471468393
1.422    0.163323429939936   0.98457140187769
1.431    0.15485989741587   0.986003240122095
1.44    0.146378669819437   0.987358826945958
1.449    0.137879747150635   0.988638003093628
1.458    0.129363129409466   0.989840609309453
1.467    0.120828816595928   0.990966486337781
1.476    0.112276808710022   0.992015474922962
1.485    0.103707105751749   0.992987415809344
1.494    0.0951197077211071   0.993882149741277
1.503    0.0865146146180977   0.994699517463107
1.512    0.0778918264427201   0.995439359719185
1.521    0.0692513431949747   0.996101517253859
1.53    0.060593164874861   0.996685830811478
1.539    0.0519172914823797   0.997192141136389
1.548    0.0432237230175301   0.997620288972943
1.557    0.0345124594803128   0.997970115065488
1.566    0.0257835008707272   0.998241460158372
1.575    0.0170368471887739   0.998434164995944
1.584    0.00827249843445236   0.998548070322553
1.593    -0.000509545392236931   0.998583016882547
1.602    -0.00930928429129445   0.998538845420275
1.611    -0.0181267182627197   0.998415396680086
1.62    -0.0269618473065131   0.998212511406329
1.629    -0.0358146714226743   0.997930030343352
1.638    -0.0446851906112035   0.997567794235504
1.647    -0.053573404872101   0.997125643827133
1.656    -0.0624793142053661   0.996603419862589
1.665    -0.0714029186109996   0.99600096308622
1.674    -0.0803442180890007   0.995318114242374
1.683    -0.0893032126393701   0.994554714075401
1.692    -0.0982799022621072   0.993710603329648
1.701    -0.107274286957212   0.992785622749466
1.71    -0.116286366724686   0.991779613079201
1.719    -0.125316141564527   0.990692415063204
1.728    -0.134363611476736   0.989523869445823
1.737    -0.143428776461313   0.988273816971406
1.746    -0.152511636518258   0.986942098384302
1.755    -0.161612191647571   0.98552855442886
1.764    -0.170730441849252   0.984033025849429
1.773    -0.179866387123301   0.982455353390356
1.782    -0.189020027469719   0.980795377795992
1.791    -0.198191362888504   0.979052939810684
1.8    -0.207380393379657   0.977227880178782
1.809    -0.216587118943178   0.975320039644633
1.818    -0.225811539579067   0.973329258952588
1.827    -0.235053655287324   0.971255378846993
1.836    -0.244313466067949   0.969098240072199
1.845    -0.253590971920941   0.966857683372553
1.854    -0.262886172846303   0.964533549492405
1.863    -0.272199068844031   0.962125679176102
1.872    -0.281529659914128   0.959633913167995
1.881    -0.290877946056593   0.957058092212431
1.89    -0.300243927271426   0.954398057053759
1.899    -0.309627603558627   0.951653648436328
1.908    -0.319028974918196   0.948824707104487
1.917    -0.328448041350133   0.945911073802584
1.926    -0.337884802854437   0.942912589274967
1.935    -0.34733925943111   0.939829094265987
1.944    -0.356811411080151   0.93666042951999
1.953    -0.36630125780156   0.933406435781327
1.962    -0.375808799595337   0.930066953794345
1.971    -0.385334036461481   0.926641824303393
1.98    -0.394876968399994   0.923130888052821
1.989    -0.404437595410875   0.919533985786977
1.998    -0.414015917494124   0.915850958250208
2.007    -0.42358248265261   0.912081714908192
2.016    -0.43307177521925   0.908226710990141
2.025    -0.442481390949379   0.904286661984755
2.034    -0.451811329842998   0.900262284983562
2.043    -0.461061591900106   0.89615429707809
2.052    -0.470232177120703   0.891963415359869
2.061    -0.47932308550479   0.887690356920427
2.07    -0.488334317052365   0.883335838851293
2.079    -0.497265871763431   0.878900578243994
2.088    -0.506117749637986   0.87438529219006
2.097    -0.51488995067603   0.86979069778102
2.106    -0.523582474877563   0.865117512108402
2.115    -0.532195322242587   0.860366452263733
2.124    -0.540728492771099   0.855538235338544
2.133    -0.5491819864631   0.850633578424363
2.142    -0.557555803318591   0.845653198612718
2.151    -0.565849943337572   0.840597812995138
2.16    -0.574064406520042   0.835468138663151
2.169    -0.582199192866001   0.830264892708287
2.178    -0.590254302375449   0.824988792222073
2.187    -0.598229735048387   0.819640554296038
2.196    -0.606125490884814   0.814220896021711
2.205    -0.613941569884731   0.808730534490621
2.214    -0.621677972048137   0.803170186794296
2.223    -0.629334697375032   0.797540570024264
2.232    -0.636911745865417   0.791842401272055
2.241    -0.644409117519291   0.786076397629196
2.25    -0.651826812336655   0.780243276187217
2.259    -0.659164830317508   0.774343754037646
2.268    -0.66642317146185   0.768378548272012
2.277    -0.673601835769682   0.762348375981842
2.286    -0.680700823241003   0.756253954258667
2.295    -0.687720133875813   0.750096000194014
2.304    -0.694659767674113   0.743875230879412
2.313    -0.701519724635902   0.737592363406389
2.322    -0.70830000476118   0.731248114866475
2.331    -0.715000608049948   0.724843202351198
2.34    -0.721621534502206   0.718378342952086
2.349    -0.728162784117952   0.711854253760667
2.358    -0.734624356897188   0.705271651868472
2.367    -0.741006252839914   0.698631254367027
2.376    -0.747308471946128   0.691933778347863
2.385    -0.753531014215832   0.685179940902507
2.394    -0.759673879649026   0.678370459122487
2.403    -0.765737068245709   0.671506050099334
2.412    -0.771720580005881   0.664587430924574
2.421    -0.777624414929543   0.657615318689738
2.43    -0.783448573016694   0.650590430486352
2.439    -0.789193054267334   0.643513483405946
2.448    -0.794857858681464   0.63638519454005
2.457    -0.800442986259083   0.62920628098019
2.466    -0.805948437000192   0.621977459817895
2.475    -0.81137421090479   0.614699448144696
2.484    -0.816720307972877   0.607372963052119
2.493    -0.821986728204454   0.599998721631694
2.502    -0.827173471599519   0.592577440974948
2.511    -0.832280538158075   0.585109838173412
2.52    -0.83730792788012   0.577596630318612
2.529    -0.842255640765654   0.570038534502079
2.538    -0.847123676814677   0.56243626781534
2.547    -0.85191203602719   0.554790547349924
2.556    -0.856620718403192   0.54710209019736
2.565    -0.861249723942684   0.539371613449177
2.574    -0.865799052645665   0.531599834196902
2.583    -0.870268704512136   0.523787469532064
2.592    -0.874658679542095   0.515935236546192
2.601    -0.878968977735544   0.508043852330816
2.61    -0.883199599092483   0.500114033977462
2.619    -0.887350543612911   0.492146498577661
2.628    -0.891421811296828   0.484141963222939
2.637    -0.895413402144235   0.476101145004827
2.646    -0.899325316155131   0.468024761014853
2.655    -0.903157553329516   0.459913528344545
2.664    -0.906910113667391   0.451768164085431
2.673    -0.910582997168755   0.443589385329041
2.682    -0.914176203833608   0.435377909166903
2.691    -0.917689733661951   0.427134452690546
2.7    -0.921123586653784   0.418859732991497
2.709    -0.924477762809105   0.410554467161287
2.718    -0.927752262127916   0.402219372291443
2.727    -0.930947084610217   0.393855165473494
2.736    -0.934062230256006   0.385462563798968
2.745    -0.937097699065286   0.377042284359395
2.754    -0.940053491038054   0.368595044246303
2.763    -0.942929606174312   0.36012156055122
2.772    -0.945726044474059   0.351622550365675
2.781    -0.948442805937296   0.343098730781196
2.79    -0.951079890564022   0.334550818889313
2.799    -0.953637298354237   0.325979531781554
2.808    -0.956115029307942   0.317385586549446
2.817    -0.958513083425136   0.30876970028452
2.826    -0.96083146070582   0.300132590078303
2.835    -0.963070161149993   0.291474973022325
2.844    -0.965229184757655   0.282797566208113
2.853    -0.967308531528806   0.274101086727197
2.862    -0.969308201463447   0.265386251671104
2.871    -0.971228194561577   0.256653778131364
2.88    -0.973068510823197   0.247904383199505
2.889    -0.974829150248306   0.239138783967056
2.898    -0.976510112836905   0.230357697525545
2.907    -0.978111398588993   0.221561840966501
2.916    -0.97963300750457   0.212751931381453
2.925    -0.981074939583637   0.203928685861929
2.934    -0.982437194826193   0.195092821499457
2.943    -0.983719773232238   0.186245055385567
2.952    -0.984922674801773   0.177386104611786
2.961    -0.986045899534797   0.168516686269645
2.97    -0.987089447431311   0.159637517450669
2.979    -0.988053318491313   0.15074931524639
2.988    -0.988937512714805   0.141852796748336
2.997    -0.989742030101787   0.132948679048033
3.006    -0.990469515576308   0.124037673947165
3.015    -0.991128565141529   0.115120431752926
3.024    -0.991719840028462   0.106197563098652
3.033    -0.992243340237108   0.0972696779564483
3.042    -0.992699065767467   0.0883373862984191
3.051    -0.993087016619538   0.0794012980966685
3.06    -0.993407192793322   0.070462023323302
3.069    -0.993659594288819   0.0615201719504238
3.078    -0.993844221106028   0.0525763539501383
3.087    -0.99396107324495   0.0436311792945499
3.096    -0.994010150705584   0.0346852579557639
3.105    -0.993991453487931   0.0257391999058844
3.114    -0.993904981591991   0.0167936151170162
3.123    -0.993750735017763   0.00784911356126322
3.132    -0.993528713765248   -0.00109369478926896
3.141    -0.993238917834446   -0.0100341999624762
3.15    -0.992881347225356   -0.0189717919862539
3.159    -0.992456001937979   -0.0279058608884975
3.168    -0.991962881972314   -0.0368357966971029
3.177    -0.991401987328362   -0.0457609894399645
3.186    -0.990773318006123   -0.0546808291449783
3.195    -0.990076874005596   -0.0635947058400397
3.204    -0.989312655326782   -0.0725020095530445
3.213    -0.988480661969681   -0.0814021303118871
3.222    -0.987580893934292   -0.0902944581444636
3.231    -0.986613351220616   -0.0991783830786694
3.24    -0.985578033828652   -0.1080532951424
3.249    -0.984474941758401   -0.11691858436355
3.258    -0.983304075009863   -0.125773640770016
3.267    -0.982065433583037   -0.134617854389693
3.276    -0.980759017477924   -0.143450615250476
3.285    -0.979384826694523   -0.152271313380261
3.294    -0.977942861232835   -0.161079338806943
3.303    -0.97643312109286   -0.169874081558417
3.312    -0.974855606274598   -0.178654931662579
3.321    -0.973210316778047   -0.187421279147325
3.33    -0.97149725260321   -0.196172514040549
3.339    -0.969716413750086   -0.204908026370148
3.348    -0.967867800218674   -0.213627206164016
3.357    -0.965951412008974   -0.222329443450049
3.366    -0.963967249120987   -0.231014128256143
3.375    -0.961915311554713   -0.239680650610192
3.384    -0.959795599310151   -0.248328400540092
3.393    -0.957608112387302   -0.25695676807374
3.402    -0.955352850786166   -0.265565143239029
3.411    -0.953029814506742   -0.274152916063856
3.42    -0.950639003549031   -0.282719476576116
3.429    -0.948180417913032   -0.291264214803703
3.438    -0.945654057598746   -0.299786520774515
3.447    -0.943059922606173   -0.308285784516446
3.456    -0.940398012935313   -0.316761396057392
3.465    -0.937668328586165   -0.325212745425247
3.474    -0.934870869558729   -0.333639222647908
3.483    -0.932005635853006   -0.342040217753269
3.492    -0.929072627468996   -0.350415120769227
3.501    -0.926071844406699   -0.358763321723676
3.51    -0.923003286666114   -0.367084210644512
3.519    -0.919866954247242   -0.375377177559632
3.528    -0.916662847150082   -0.383641612496928
3.537    -0.913390965374635   -0.391876905484298
3.546    -0.910051308920901   -0.400082446549637
3.555    -0.906643877788879   -0.40825762572084
3.564    -0.90316867197857   -0.416401833025802
3.573    -0.899625691489973   -0.424514458492419
3.582    -0.896014936323089   -0.432594892148586
3.591    -0.892336406477918   -0.4406425240222
3.6    -0.888590101954459   -0.448656744141154
3.609    -0.884776022752713   -0.456636942533345
3.618    -0.88089416887268   -0.464582509226668
3.627    -0.876944540314359   -0.472492834249018
3.636    -0.872927137077751   -0.480367307628292
3.645    -0.868841959162855   -0.488205319392383
3.654    -0.864689006569672   -0.496006259569188
3.663    -0.860468279298202   -0.503769518186602
3.672    -0.856179777348444   -0.511494485272521
3.681    -0.851823500720399   -0.519180550854839
3.69    -0.847399449414067   -0.526827104961453
3.699    -0.842907623429447   -0.534433537620257
3.708    -0.83834802276654   -0.541999238859148
3.717    -0.833720647425345   -0.549523598706021
3.726    -0.829025497405863   -0.55700600718877
3.735    -0.824262572708094   -0.564445854335291
3.744    -0.819431873332037   -0.571842530173481
3.753    -0.814533399277693   -0.579195424731233
3.762    -0.809567150545062   -0.586503928036444
3.771    -0.804533127134143   -0.593767430117009
3.78    -0.799431329044937   -0.600985321000824
3.789    -0.794261756277443   -0.608156990715783
3.798    -0.789024408831662   -0.615281829289783
3.807    -0.783719286707594   -0.622359226750718
3.816    -0.778346389905238   -0.629388573126485
3.825    -0.772905718424595   -0.636369258444978
3.834    -0.767397272265665   -0.643300672734093
3.843    -0.761821051428447   -0.650182206021725
3.852    -0.756177055912941   -0.65701324833577
3.861    -0.750465285719149   -0.663793189704123
3.87    -0.744685740847069   -0.67052142015468
3.879    -0.738838421296702   -0.677197329715335
3.888    -0.732923327068047   -0.683820308413985
3.897    -0.726940458161105   -0.690389746278525
3.906    -0.720889814575875   -0.69690503333685
3.915    -0.714771396312358   -0.703365559616856
3.924    -0.708585203370554   -0.709770715146438
3.933    -0.702331235750463   -0.716119889953491
3.942    -0.696009493452084   -0.722412474065912
3.951    -0.689619976475417   -0.728647857511594
3.96    -0.683162684820464   -0.734825430318434
3.969    -0.676637618487222   -0.740944582514327
3.978    -0.670044777475694   -0.747004704127169
3.987    -0.663384161785878   -0.753005185184855
3.996    -0.656655771417775   -0.75894541571528
4.005    -0.649865500558702   -0.764824795569986
4.014    -0.643041877075277   -0.770642900954597
4.023    -0.636188673247385   -0.776399460616307
4.032    -0.629305889075024   -0.782094208332017
4.041    -0.622393524558195   -0.787726877878625
4.05    -0.615451579696898   -0.793297203033031
4.059    -0.608480054491132   -0.798804917572135
4.068    -0.601478948940899   -0.804249755272837
4.077    -0.594448263046197   -0.809631449912038
4.086    -0.587387996807026   -0.814949735266636
4.095    -0.580298150223389   -0.820204345113531
4.104    -0.573178723295282   -0.825395013229623
4.113    -0.566029716022707   -0.830521473391813
4.122    -0.558851128405665   -0.835583459376999
4.131    -0.551642960444153   -0.840580704962081
4.14    -0.544405212138174   -0.84551294392396
4.149    -0.537137883487727   -0.850379910039535
4.158    -0.529840974492811   -0.855181337085706
4.167    -0.522514485153427   -0.859916958839372
4.176    -0.515158415469575   -0.864586509077434
4.185    -0.507772765441255   -0.869189721576791
4.194    -0.500357535068466   -0.873726330114343
4.203    -0.492912724351209   -0.87819606846699
4.212    -0.485438333289485   -0.882598670411632
4.221    -0.477934361883291   -0.886933869725168
4.23    -0.47040081013263   -0.891201400184498
4.239    -0.462837678037501   -0.895400995566521
4.248    -0.455244965597903   -0.899532389648139
4.257    -0.447622672813837   -0.90359531620625
4.266    -0.439970799685303   -0.907589509017755
4.275    -0.4322893462123   -0.911514701859552
4.284    -0.42457831239483   -0.915370628508543
4.293    -0.416837698232891   -0.919157022741626
4.302    -0.409067503726484   -0.922873618335701
4.311    -0.401267728875609   -0.926520149067669
4.32    -0.393438373680265   -0.930096348714429
4.329    -0.385579438140454   -0.93360195105288
4.338    -0.377690922256174   -0.937036689859924
4.347    -0.369772826027426   -0.940400298912458
4.356    -0.36182514945421   -0.943692511987384
4.365    -0.353847892536525   -0.946913062861601
4.374    -0.345841055274373   -0.950061685312008
4.383    -0.337804637667752   -0.953138113115506
4.392    -0.329738639716663   -0.956142080048994
4.401    -0.321643061421106   -0.959073319889372
4.41    -0.31351790278108   -0.961931566413541
4.419    -0.305363163796587   -0.964716553398398
4.428    -0.297178844467625   -0.967428014620846
4.437    -0.288964944794195   -0.970065683857782
4.446    -0.280721464776297   -0.972629294886108
4.455    -0.27244840441393   -0.975118581482722
4.464    -0.264145763707096   -0.977533277424525
4.473    -0.255813542655793   -0.979873116488417
4.482    -0.247451741260022   -0.982137832451296
4.491    -0.239060359519783   -0.984327159090064
4.5    -0.230639397435075   -0.986440830181619
4.509    -0.222188855005899   -0.988478579502862
4.518    -0.213708732232256   -0.990440140830692
4.527    -0.205199029114144   -0.992325247942009
4.536    -0.196659745651564   -0.994133634613713
4.545    -0.188090881844515   -0.995865034622703
4.554    -0.179492437692998   -0.997519181745881
4.563    -0.170864413197014   -0.999095809760144
4.572    -0.16220680835656   -1.00059465244239
4.581    -0.153519623171639   -1.00201544356953
4.59    -0.14480285764225   -1.00335791691845
4.599    -0.136056511768392   -1.00462180626606
4.608    -0.127280585550066   -1.00580684538925
4.617    -0.118475078987272   -1.00691276806492
4.626    -0.109639992080009   -1.00793930806998
4.635    -0.100775324828279   -1.00888619918133
4.644    -0.0918810772320805   -1.00975317517586
4.653    -0.0829572492914141   -1.01053996983047
4.662    -0.0740038410062786   -1.01124631692207
4.671    -0.0650208523766749   -1.01187195022755
4.68    -0.0560082834026041   -1.01241660352382
4.689    -0.046966134084064   -1.01288001058777
4.698    -0.0378944044210557   -1.0132619051963
4.707    -0.0287930944135801   -1.01356202112631
4.716    -0.0196622040616354   -1.01378009215471
4.725    -0.0105017333652235   -1.01391585205839
4.734    -0.00131168232434237   -1.01396903461425
4.743    0.00790794906100695   -1.01393937359919
4.752    0.0171571607908236   -1.01382660279012
4.761    0.0264359528651093   -1.01363045596393
4.77    0.0357443252838623   -1.01335066689751
4.779    0.0450822780470843   -1.01298696936778
4.788    0.0544498111547747   -1.01253909715163
4.797    0.0638469246069323   -1.01200678402596
4.806    0.073273618403559   -1.01138976376767
4.815    0.082729892544654   -1.01068777015367
4.824    0.0922157470302162   -1.00990053696084
4.833    0.101731181860247   -1.00902779796609
4.842    0.111276197034746   -1.00806928694632
4.851    0.120850792553714   -1.00702473767843
4.86    0.13045496841715   -1.00589388393932
4.869    0.140088724625053   -1.00467645950589
4.878    0.149752061177425   -1.00337219815503
4.887    0.159444978074265   -1.00198083366366
4.896    0.169167475315574   -1.00050209980866
4.905    0.178919552901351   -0.998935730366947
4.914    0.188701210831595   -0.997281459115407
4.923    0.198512449106308   -0.995539019830945
4.932    0.20835326772549   -0.99370814629046
4.941    0.218223666689139   -0.991788572270852
4.95    0.228123645997257   -0.989780031549022
4.959    0.238053205649842   -0.987682257901869
4.968    0.248012345646897   -0.985494985106292
4.977    0.258001065988419   -0.983217946939191
4.986    0.268019366674409   -0.980850877177467
4.995    0.278067247704868   -0.978393509598018
5.004    0.288134693285506   -0.975845591332138
5.013    0.29814595897202   -0.9732072745248
5.022    0.308085395085832   -0.97047917955936
5.031    0.317953001626943   -0.967661952901973
5.04    0.327748778595354   -0.964756241018793
5.049    0.337472725991065   -0.961762690375974
5.058    0.347124843814073   -0.958681947439672
5.067    0.356705132064382   -0.955514658676039
5.076    0.366213590741988   -0.952261470551231
5.085    0.375650219846895   -0.948923029531402
5.094    0.385015019379101   -0.945499982082705
5.103    0.394307989338606   -0.941992974671296
5.112    0.40352912972541   -0.938402653763328
5.121    0.412678440539513   -0.934729665824956
5.13    0.421755921780915   -0.930974657322335
5.139    0.430761573449617   -0.927138274721618
5.148    0.439695395545617   -0.92322116448896
5.157    0.448557388068917   -0.919223973090515
5.166    0.457347551019517   -0.915147346992437
5.175    0.466065884397414   -0.910991932660882
5.184    0.474712388202612   -0.906758376562002
5.193    0.483287062435108   -0.902447325161953
5.202    0.491789907094904   -0.898059424926889
5.211    0.500220922181999   -0.893595322322963
5.22    0.508580107696393   -0.889055663816331
5.229    0.516867463638086   -0.884441095873146
5.238    0.525082990007079   -0.879752264959563
5.247    0.53322668680337   -0.874989817541737
5.256    0.54129855402696   -0.87015440008582
5.265    0.54929859167785   -0.86524665905797
5.274    0.557226799756039   -0.860267240924337
5.283    0.565083178261528   -0.855216792151079
5.292    0.572867727194314   -0.850095959204348
5.301    0.580580446554401   -0.844905388550299
5.31    0.588221336341786   -0.839645726655087
5.319    0.595790396556471   -0.834317619984865
5.328    0.603287627198456   -0.828921715005788
5.337    0.610713028267738   -0.823458658184011
5.346    0.618066599764321   -0.817929095985687
5.355    0.625348341688203   -0.812333674876971
5.364    0.632558254039383   -0.806673041324018
5.373    0.639696336817863   -0.800947841792981
5.382    0.646762590023641   -0.795158722750015
5.391    0.65375701365672   -0.789306330661273
5.4    0.660679607717097   -0.783391311992911
5.409    0.667530372204773   -0.777414313211084
5.418    0.674309307119749   -0.771375980781944
5.427    0.681016412462024   -0.765276961171646
5.436    0.687651688231598   -0.759117900846345
5.445    0.694215134428471   -0.752899446272195
5.454    0.700706751052643   -0.746622243915351
5.463    0.707126538104115   -0.740286940241966
5.472    0.713474495582886   -0.733894181718195
5.481    0.719750623488955   -0.727444614810192
5.49    0.725954921822324   -0.720938885984112
5.499    0.732087390582992   -0.714377641706109
5.508    0.738148029770959   -0.707761528442336
5.517    0.744136839386226   -0.701091192658949
5.526    0.750053819428791   -0.694367280822102
5.535    0.755898969898656   -0.687590439397949
5.544    0.76167229079582   -0.680761314852645
5.553    0.767373782120283   -0.673880553652342
5.562    0.773003443872046   -0.666948802263197
5.571    0.778561276051107   -0.659966707151364
5.58    0.784047278657467   -0.652934914782996
5.589    0.789461451691127   -0.645854071624247
5.598    0.794803795152086   -0.638724824141274
5.607    0.800074309040344   -0.631547818800228
5.616    0.805272993355901   -0.624323702067266
5.625    0.810399848098758   -0.61705312040854
5.634    0.815454873268914   -0.609736720290206
5.643    0.820438068866368   -0.602375148178418
5.652    0.825349434891122   -0.594969050539329
5.661    0.830188971343175   -0.587519073839096
5.67    0.834956678222527   -0.58002586454387
5.679    0.839652555529179   -0.572490069119808
5.688    0.844276603263129   -0.564912334033063
5.697    0.848828821424379   -0.55729330574979
5.706    0.853309210012928   -0.549633630736142
5.715    0.857717769028776   -0.541933955458275
5.724    0.862054498471923   -0.534194926382342
5.733    0.86631939834237   -0.526417189974499
5.742    0.870512468640115   -0.518601392700898
5.751    0.87463370936516   -0.510748181027694
5.76    0.878683120517504   -0.502858201421043
5.769    0.882660702097147   -0.494932100347098
5.778    0.886566454104089   -0.486970524272013
5.787    0.890400376538331   -0.478974119661942
5.796    0.894162469399871   -0.470943532983041
5.805    0.897852732688711   -0.462879410701463
5.814    0.90147116640485   -0.454782399283362
5.823    0.905017770548288   -0.446653145194893
5.832    0.908492545119025   -0.438492294902211
5.841    0.911895490117061   -0.430300494871469
5.85    0.915226605542397   -0.422078391568822
5.859    0.918485891395031   -0.413826631460424
5.868    0.921673347674966   -0.405545861012429
5.877    0.924788974382198   -0.397236726690993
5.886    0.92783277151673   -0.388899874962268
5.895    0.930804739078562   -0.38053595229241
5.904    0.933704877067692   -0.372145605147572
5.913    0.936533185484122   -0.363729479993909
5.922    0.939289664327851   -0.355288223297576
5.931    0.941974313598879   -0.346822481524726
5.94    0.944587133297206   -0.338332901141514
5.949    0.947128123422832   -0.329820128614095
5.958    0.949597283975758   -0.321284810408621
5.967    0.951994614955983   -0.312727592991249
5.976    0.954320116363507   -0.304149122828132
5.985    0.95657378819833   -0.295550046385424
5.994    0.958755630460452   -0.28693101012928
6.003    0.960865679228305   -0.278292660489775
6.012    0.962904403521505   -0.269635641732281
6.021    0.96487194765378   -0.260960594766871
6.03    0.96676831162513   -0.252268160214995
6.039    0.968593495435554   -0.243558978698102
6.048    0.970347499085054   -0.234833690837638
6.057    0.972030322573628   -0.226092937255053
6.066    0.973641965901277   -0.217337358571796
6.075    0.975182429068   -0.208567595409313
6.084    0.976651712073799   -0.199784288389055
6.093    0.978049814918672   -0.190988078132468
6.102    0.97937673760262   -0.182179605261001
6.111    0.980632480125642   -0.173359510396104
6.12    0.98181704248774   -0.164528434159222
6.129    0.982930424688912   -0.155687017171807
6.138    0.983972626729159   -0.146835900055305
6.147    0.984943648608481   -0.137975723431164
6.156    0.985843490326877   -0.129107127920835
6.165    0.986672151884349   -0.120230754145764
6.174    0.987429633280895   -0.111347242727399
6.183    0.988115934516516   -0.102457234287191
6.192    0.988731055591212   -0.0935613694465847
6.201    0.989274996504982   -0.0846602888270317
6.21    0.989747757257827   -0.075754633049978
6.219    0.990149337849747   -0.0668450427368729
6.228    0.990479738280742   -0.0579321585091656
6.237    0.990738958550811   -0.0490166209883025
6.246    0.990926998659956   -0.040099070795733
6.255    0.991043858608175   -0.0311801485529064
6.264    0.991089538395469   -0.0222604948812689
6.273    0.991064038021837   -0.0133407504022709
6.282    0.990967357487281   -0.00442155573735881
6.291    0.990799496791799   0.00449644849201802
6.3    0.990560455935392   0.0134126216644105
6.309    0.99025023491806   0.0223263231583721
6.318    0.989868833739802   0.0312369123524527
6.327    0.989416252400619   0.0401437486252056
6.336    0.988892490900511   0.0490461913551817
6.345    0.988297549239478   0.0579435999209318
6.354    0.98763142741752   0.0668353337010094
6.363    0.986894125434636   0.0757207520739651
6.372    0.986085643290827   0.0845992144183498
6.381    0.985205980986093   0.093470080112717
6.39    0.984255138520434   0.102332708535617
6.399    0.98323311589385   0.111186459065602
6.408    0.98213991310634   0.120030691081224
6.417    0.980975530157905   0.128864763961033
6.426    0.979739967048544   0.137688037083583
6.435    0.978433223778259   0.146499869827424
6.444    0.977055300347049   0.155299621571109
6.453    0.975606196754913   0.164086651693189
6.462    0.974085913001852   0.172860319572214
6.471    0.972494449087865   0.181619984586739
6.48    0.970831805012954   0.190365006115314
6.489    0.969097980777117   0.199094743536489
6.498    0.967292976380355   0.207808556228819
6.507    0.965416791822668   0.216505803570853
6.516    0.963469427104055   0.225185844941144
6.525    0.961450882224517   0.233848039718243
6.534    0.959361157184055   0.242491747280702
6.543    0.957200251982666   0.251116327007073
6.552    0.954968166620353   0.259721138275907
6.561    0.952664901097115   0.268305540465757
6.57    0.950290455412951   0.276868892955173
6.579    0.947844829567862   0.285410555122707
6.588    0.945328023561848   0.293929886346912
6.597    0.942740037394908   0.302426246006338
6.606    0.940080871067043   0.310898993479537
6.615    0.937350524578253   0.319347488145062
6.624    0.934548997928538   0.327771089381463
6.633    0.931676291117898   0.336169156567293
6.642    0.928732404146332   0.344541049081103
6.651    0.925717337013841   0.352886126301444
6.66    0.922631089720425   0.361203747606869
6.669    0.919473662266084   0.369493272375928
6.678    0.916245054650818   0.377754059987175
6.687    0.912945266874626   0.385985469819161
6.696    0.909574298937509   0.394186861250436
6.705    0.906132150839467   0.402357593659553
6.714    0.902618822580499   0.410497026425064
6.723    0.899034314160607   0.418604518925519
6.732    0.895378625579789   0.426679430539472
6.741    0.891651756838046   0.434721120645472
6.75    0.887853707935377   0.442728948622074
6.759    0.883984478871784   0.450702273847827
6.768    0.880044069647265   0.458640455701283
6.777    0.876032480261821   0.466542853560995
6.786    0.871949710715452   0.474408826805513
6.795    0.867795761008157   0.48223773481339
6.804    0.863570631139938   0.490028936963177
6.813    0.859274321110793   0.497781792633426
6.822    0.854906830920723   0.505495661202689
6.831    0.850468160569727   0.513169902049517
6.84    0.845958310057807   0.520803874552461
6.849    0.841377279384961   0.528396938090074
6.858    0.83672506855119   0.535948452040907
6.867    0.832001677556494   0.543457775783513
6.876    0.827207106400872   0.550924268696442
6.885    0.822341355084326   0.558347290158245
6.894    0.817404423606854   0.565726199547477
6.903    0.812396311968457   0.573060356242686
6.912    0.807317020169134   0.580349119622426
6.921    0.802166548208886   0.587591849065248
6.93    0.796944896087714   0.594787903949703
6.939    0.791652063805615   0.601936643654344
6.948    0.786288051362592   0.609037427557722
6.957    0.780852858758644   0.616089615038388
6.966    0.77534648599377   0.623092565474894
6.975    0.769768933067971   0.630045638245793
6.984    0.764120199981247   0.636948192729635
6.993    0.758400286733597   0.643799588304973
7.002    0.752609935857675   0.650599184845379
7.011    0.746769381368244   0.657346422603587
7.02    0.740887719290292   0.664040910387241
7.029    0.734964949623818   0.670682278228047
7.038    0.729001072368822   0.677270156157705
7.047    0.722996087525306   0.68380417420792
7.056    0.716949995093267   0.690283962410395
7.065    0.710862795072706   0.696709150796833
7.074    0.704734487463624   0.703079369398938
7.083    0.69856507226602   0.709394248248413
7.092    0.692354549479895   0.715653417376961
7.101    0.686102919105248   0.721856506816285
7.11    0.679810181142079   0.72800314659809
7.119    0.673476335590389   0.734092966754077
7.128    0.667101382450177   0.740125597315951
7.137    0.660685321721444   0.746100668315415
7.146    0.654228153404188   0.752017809784171
7.155    0.647729877498411   0.757876651753925
7.164    0.641190494004113   0.763676824256377
7.173    0.634610002921293   0.769417957323233
7.182    0.627988404249951   0.775099680986195
7.191    0.621325697990088   0.780721625276967
7.2    0.614621884141702   0.786283420227251
7.209    0.607876962704796   0.791784695868751
7.218    0.601090933679367   0.797225082233172
7.227    0.594263797065417   0.802604209352215
7.236    0.587395552862946   0.807921707257584
7.245    0.580486201071952   0.813177205980982
7.254    0.573535741692438   0.818370335554113
7.263    0.566544174724401   0.823500726008681
7.272    0.559511500167843   0.828568007376387
7.281    0.552437718022763   0.833571809688936
7.29    0.545322828289161   0.838511762978031
7.299    0.538166830967038   0.843387497275376
7.308    0.530969726056394   0.848198642612672
7.317    0.523731513557227   0.852944829021625
7.326    0.51645219346954   0.857625686533937
7.335    0.509131765793329   0.862240845181311
7.344    0.501770230528598   0.866789934995451
7.353    0.494367587675345   0.87127258600806
7.362    0.48692383723357   0.875688428250842
7.371    0.479438979203274   0.880037091755499
7.38    0.471913013584456   0.884318206553735
7.389    0.464345940377117   0.888531402677254
7.398    0.456737759581256   0.892676310157758
7.407    0.449088471196873   0.896752559026951
7.416    0.441398075223968   0.900759779316536
7.425    0.433666571662542   0.904697601058217
7.434    0.425893960512594   0.908565654283696
7.443    0.418080241774126   0.912363569024678
7.452    0.410225415447134   0.916090975312865
7.461    0.402329481531621   0.919747503179961
7.47    0.394392440027587   0.923332782657668
7.479    0.386414290935031   0.926846443777692
7.488    0.378395034253953   0.930288116571734
7.497    0.370334669984355   0.933657431071497
7.506    0.362233198126233   0.936954017308686
7.515    0.354090618679591   0.940177505315004
7.524    0.345906931644427   0.943327525122153
7.533    0.337682137020741   0.946403706761838
7.542    0.329416234808534   0.949405680265761
7.551    0.321109225007804   0.952333075665626
7.56    0.312761107618554   0.955185522993136
7.569    0.304371882640782   0.957962652279994
7.578    0.295941550074487   0.960664093557905
7.587    0.287470109919672   0.96328947685857
7.596    0.278957562176335   0.965838432213693
7.605    0.270403906844475   0.968310589654978
7.614    0.261809143924095   0.970705579214128
7.623    0.253173273415193   0.973023030922846
7.632    0.244496295317769   0.975262574812836
7.641    0.235778209631824   0.9774238409158
7.65    0.227019016357356   0.979506459263443
7.659    0.218218715494368   0.981510059887467
7.668    0.209377307042857   0.983434272819576
7.677    0.200494791002826   0.985278728091473
7.686    0.191571167374272   0.987043055734862
7.695    0.182606436157196   0.988726885781445
7.704    0.173600597351599   0.990329848262925
7.713    0.164553650957481   0.991851573211008
7.722    0.15546559697484   0.993291690657395
7.731    0.146336435403679   0.994649830633789
7.74    0.137166166243995   0.995925623171895
7.749    0.12795478949579   0.997118698303416
7.758    0.118702305159063   0.998228686060054
7.767    0.109408713233814   0.999255216473513
7.776    0.100074013720045   1.0001979195755
7.785    0.0906982066177524   1.00105642539771
7.794    0.0812812919269396   1.00183036397185
7.803    0.0718232696476042   1.00251936532963
7.812    0.0623241397797472   1.00312305950274
7.821    0.0527839023233695   1.0036410765229
7.83    0.0432025572784691   1.0040730464218
7.839    0.0335801046450472   1.00441859923114
7.848    0.0239165444231045   1.00467736498264
7.857    0.0142118766126393   1.00484897370799
7.866    0.00446610121365332   1.0049330554389
7.875    -0.0053207817738552   1.00492924020708
7.884    -0.0151487723498853   1.00483715804421
7.893    -0.0250178705144363   1.00465643898201
7.902    -0.0349280762675097   1.00438671305218
7.911    -0.0448793896091038   1.00402761028643
7.92    -0.0548718105392205   1.00357876071645
7.929    -0.0649053390578589   1.00303979437396
7.938    -0.074979975165018   1.00241034129065
7.947    -0.0850957188606996   1.00169003149822
7.956    -0.095252570144903   1.00087849502839
7.965    -0.105450529017627   0.99997536191285
7.974    -0.115689595478874   0.998980262183307
7.983    -0.125969769528641   0.997892825871464
7.992    -0.136291051166931   0.996712683009026
8.001    -0.146652799120588   0.995439463841452
8.01    -0.156992809893781   0.99407301151689
8.019    -0.167270042004719   0.99261378159935
8.028    -0.177484495453404   0.991062339096792
8.037    -0.187636170239835   0.989419249017176
8.046    -0.19772506636401   0.987685076368462
8.055    -0.207751183825932   0.98586038615861
8.064    -0.217714522625601   0.983945743395582
8.073    -0.227615082763016   0.981941713087336
8.082    -0.237452864238178   0.979848860241834
8.091    -0.247227867051083   0.977667749867036
8.1    -0.256940091201736   0.975398946970902
8.109    -0.266589536690135   0.973043016561391
8.118    -0.276176203516281   0.970600523646466
8.127    -0.285700091680172   0.968072033234085
8.136    -0.295161201181808   0.96545811033221
8.145    -0.304559532021191   0.962759319948799
8.154    -0.313895084198321   0.959976227091815
8.163    -0.323167857713197   0.957109396769216
8.172    -0.332377852565818   0.954159393988964
8.181    -0.341525068756184   0.951126783759019
8.19    -0.350609506284298   0.94801213108734
8.199    -0.359631165150158   0.944816000981888
8.208    -0.368590045353764   0.941538958450623
8.217    -0.377486146895116   0.938181568501507
8.226    -0.386319469774215   0.934744396142498
8.235    -0.395090013991057   0.931228006381558
8.244    -0.403797779545647   0.927632964226646
8.253    -0.412442766437984   0.923959834685723
8.262    -0.421024974668066   0.920209182766749
8.271    -0.429544404235895   0.916381573477684
8.28    -0.438001055141468   0.91247757182649
8.289    -0.446394927384788   0.908497742821125
8.298    -0.454726020965855   0.90444265146955
8.307    -0.462994335884668   0.900312862779726
8.316    -0.471199872141227   0.896108941759613
8.325    -0.47934262973553   0.891831453417171
8.334    -0.487422608667581   0.88748096276036
8.343    -0.495439808937378   0.883058034797141
8.352    -0.503394230544921   0.878563234535474
8.361    -0.51128587349021   0.873997126983319
8.37    -0.519114737773244   0.869360277148638
8.379    -0.526880823394025   0.864653250039388
8.388    -0.534584130352553   0.859876610663531
8.397    -0.542224658648826   0.855030924029028
8.406    -0.549802408282846   0.850116755143839
8.415    -0.55731737925461   0.845134669015924
8.424    -0.564769571564121   0.840085230653243
8.433    -0.572158985211379   0.834969005063757
8.442    -0.579485620196383   0.829786557255425
8.451    -0.586749476519133   0.824538452236208
8.46    -0.593950554179629   0.819225255014067
8.469    -0.60108885317787   0.813847530596962
8.478    -0.608164373513858   0.808405843992853
8.487    -0.615177115187592   0.802900760209699
8.496    -0.622127078199072   0.797332844255462
8.505    -0.629014262548298   0.791702661138102
8.514    -0.635838668235269   0.78601077586558
8.523    -0.642600295259988   0.780257753445855
8.532    -0.649299143622452   0.774444158886887
8.541    -0.655935213322663   0.768570557196637
8.55    -0.662508504360619   0.762637513383065
8.559    -0.669019016736321   0.756645592454133
8.568    -0.675466750449769   0.750595359417799
8.577    -0.681851705500964   0.744487379282024
8.586    -0.688173881889905   0.738322217054768
8.595    -0.694433279616592   0.732100437743992
8.604    -0.700629898681024   0.725822606357657
8.613    -0.706763739083203   0.719489287903721
8.622    -0.712834800823128   0.713101047390145
8.631    -0.718843083900799   0.706658449824891
8.64    -0.724788588316217   0.700162060215917
8.649    -0.730671314069379   0.693612443571187
8.658    -0.736491261160288   0.687010164898656
8.667    -0.742248429588944   0.680355789206288
8.676    -0.747942819355345   0.673649881502041
8.685    -0.753574430459493   0.666893006793878
8.694    -0.759143262901387   0.660085730089757
8.703    -0.764649316681025   0.65322861639764
8.712    -0.770092591798411   0.646322230725486
8.721    -0.775473088253543   0.639367138081255
8.73    -0.780790806046421   0.632363903472908
8.739    -0.786045745177045   0.625313091908406
8.748    -0.791237905645414   0.618215268395709
8.757    -0.79636728745153   0.611070997942776
8.766    -0.801433890595393   0.603880845557568
8.775    -0.806437715077001   0.596645376248045
8.784    -0.811378760896356   0.589365155022168
8.793    -0.816257028053455   0.582040746887898
8.802    -0.821072516548301   0.574672716853193
8.811    -0.825825226380894   0.567261629926015
8.82    -0.830515157551233   0.559808051114324
8.829    -0.835142310059317   0.552312545426079
8.838    -0.839706683905147   0.544775677869244
8.847    -0.844208279088724   0.537198013451774
8.856    -0.848647095610047   0.529580117181633
8.865    -0.853023133469116   0.521922554066779
8.874    -0.857336392665931   0.514225889115175
8.883    -0.861586873200492   0.50649068733478
8.892    -0.865774575072799   0.498717513733554
8.901    -0.869899498282852   0.490906933319456
8.91    -0.873961642830651   0.483059511100448
8.919    -0.877961008716197   0.475175812084491
8.928    -0.881897595939488   0.467256401279543
8.937    -0.885771404500525   0.459301843693568
8.946    -0.889582434399309   0.451312704334521
8.955    -0.893330685635838   0.443289548210366
8.964    -0.897016158210114   0.435232940329062
8.973    -0.900638852122136   0.42714344569857
8.982    -0.904198767371903   0.419021629326852
8.991    -0.907695903959417   0.410868056221864
