0    1
1    0.54030230586814
2    -0.416146836547142
3    -0.989992496600445
4    -0.653643620863612
5    0.283662185463226
6    0.960170286650366
7    0.753902254343305
8    -0.145500033808614
9    -0.911130261884677


0    1 0
0.009    0.997179014583966 0.00898730580554183
0.018    0.994357389397309 0.0179492203431995
0.027    0.991534484669404 0.0268857349760696
0.036    0.98870966062963 0.0357968353093132
0.045    0.985882277507363 0.0446825011901555
0.054    0.983051695531978 0.0535427067078864
0.063    0.980217274932854 0.0623774201938599
0.072    0.977378375939365 0.0711866042214946
0.081    0.97453435878089 0.0799702156062735
0.09    0.971684583686805 0.0887282054057438
0.099    0.968828410886486 0.0974605189195173
0.108    0.96596520060931 0.10616709568927
0.117    0.963094313084654 0.114847869498742
0.126    0.960215108541895 0.123502768373739
0.135    0.957326947210408 0.13213171458213
0.144    0.95442918931957 0.140734624633849
0.153    0.951521195098759 0.149311409280893
0.162    0.948602324777351 0.157861973517325
0.171    0.945671938584722 0.166386216579271
0.18    0.94272939675025 0.174884031944924
0.189    0.93977405950331 0.183355307334538
0.198    0.93680528707328 0.191799924710434
0.207    0.933822439689535 0.200217760276996
0.216    0.930824877581454 0.208608684480673
0.225    0.927811960978411 0.216972562009978
0.234    0.924783050109785 0.225309251795488
0.243    0.921737505204952 0.233618607009845
0.252    0.918674686493287 0.241900475067756
0.261    0.915593954204169 0.250154697625992
0.27    0.912494668566973 0.258381110583387
0.279    0.909376189811076 0.266579544080841
0.288    0.906237878165855 0.274749822501319
0.297    0.903079093860687 0.282891764469847
0.306    0.899899197124947 0.291005182853519
0.315    0.896697548188014 0.299089884761492
0.324    0.893473507279262 0.307145671544988
0.333    0.89022643462807 0.315172338797292
0.342    0.886955690463813 0.323169676353754
0.351    0.883660635015869 0.331137468291789
0.36    0.880340628513614 0.339075492930877
0.369    0.876995031186424 0.34698352283256
0.378    0.873623203263676 0.354861324800446
0.387    0.870224504974748 0.362708659880207
0.396    0.866798296549014 0.370525283359581
0.405    0.863343938215853 0.378310944768367
0.414    0.859860790204641 0.386065387878432
0.423    0.856348212744754 0.393788350703705
0.432    0.852805566065569 0.40147956550018
0.441    0.849232210396463 0.409138758765915
0.45    0.845627505966812 0.416765651241034
0.459    0.841990813005993 0.424359957907724
0.468    0.838321491743383 0.431921387990237
0.477    0.834618902408358 0.439449644954888
0.486    0.830882405230294 0.446944426510058
0.495    0.82711136043857 0.454405424606192
0.504    0.82330512826256 0.4618323254358
0.513    0.819463068931642 0.469224809433454
0.522    0.815584542675193 0.476582551275793
0.531    0.811668909722589 0.483905219881519
0.54    0.807715530303206 0.491192478411399
0.549    0.803723764646422 0.498443984268264
0.558    0.799692972981613 0.50565938909701
0.567    0.795622515538156 0.512838338784597
0.576    0.791511752545426 0.519980473460049
0.585    0.787360044232802 0.527085427494455
0.594    0.783166750829659 0.534152829500968
0.603    0.778931232565375 0.541182302334806
0.612    0.774652849669325 0.54817346309325
0.621    0.770330962370887 0.555125923115646
0.63    0.765964930899437 0.562039287983407
0.639    0.761554115484351 0.568913157520005
0.648    0.757097876355007 0.575747125790982
0.657    0.752595573740781 0.582540781103941
0.666    0.74804656787105 0.58929370600855
0.675    0.74345021897519 0.596005477296541
0.684    0.738805887282578 0.602675666001713
0.693    0.734112933022591 0.609303837399926
0.702    0.729370716424604 0.615889551009105
0.711    0.724578597717996 0.622432360589243
0.72    0.719735937132142 0.628931814142392
0.729    0.714842094896419 0.635387453912671
0.738    0.709896431240204 0.641798816386266
0.747    0.704898306392874 0.648165432291422
0.756    0.699847080583804 0.654486826598452
0.765    0.694742114042372 0.660762518519733
0.774    0.689582766997955 0.666992021509706
0.783    0.684368399679929 0.673174843264876
0.792    0.67909837231767 0.679310485723812
0.801    0.673772045140555 0.685398445067149
0.81    0.668388778377962 0.691438211717586
0.819    0.662947932259265 0.697429270339884
0.828    0.657448867013843 0.703371099840872
0.837    0.651890942871072 0.709263173369441
0.846    0.646273520060329 0.715104958316548
0.855    0.640595958810989 0.720895916315211
0.864    0.63485761935243 0.726635503240518
0.873    0.629057861914029 0.732323169209616
0.882    0.623196046725161 0.737958358581719
0.891    0.617271534015204 0.743540509958105
0.9    0.611283684013535 0.749069056182117
0.909    0.605231856949529 0.754543424339162
0.918    0.599115413052564 0.75996303575671
0.927    0.592933712552016 0.765327306004297
0.936    0.586686115677262 0.770635644893524
0.945    0.580371982657679 0.775887456478053
0.954    0.573990673722642 0.781082139053615
0.963    0.56754154910153 0.786219085158003
0.972    0.561023969023718 0.791297681571073
0.981    0.554437293718582 0.796317309314748
0.99    0.547780883415501 0.801277343653014
0.999    0.54105409834385 0.806177154091921
1.008    0.534256493727621 0.811016104769574
1.017    0.527388715922785 0.815793560458405
1.026    0.520451790610775 0.820508894213663
1.035    0.513446743853872 0.825161488325064
1.044    0.50637460171436 0.829750734316885
1.053    0.49923639025452 0.834276032947962
1.062    0.492033135536634 0.838736794211692
1.071    0.484765863622983 0.843132437336034
1.08    0.477435600575851 0.847462390783505
1.089    0.470043372457519 0.851726092251186
1.098    0.462590205330269 0.855922988670714
1.107    0.455077125256383 0.860052536208291
1.116    0.447505158298143 0.864114200264676
1.125    0.439875330517831 0.868107455475191
1.134    0.432188667977729 0.872031785709717
1.143    0.424446196740119 0.875886684072698
1.152    0.416648942867283 0.879671652903134
1.161    0.408797932421504 0.88338620377459
1.17    0.400894191465063 0.887029857495189
1.179    0.392938746060241 0.890602144107616
1.188    0.384932622269322 0.894102602889115
1.197    0.376876846154587 0.897530782351492
1.206    0.368772443778318 0.900886240241113
1.215    0.360620441202798 0.904168543538904
1.224    0.352421864490308 0.907377268460352
1.233    0.344177739703129 0.910512000455506
1.242    0.335889092903545 0.913572334208972
1.251    0.327556950153838 0.916557873639919
1.26    0.319182337516288 0.919468231902077
1.269    0.310766281053179 0.922303031383735
1.278    0.302309806826792 0.925061903707745
1.287    0.29381394089941 0.927744489731515
1.296    0.285279709333313 0.930350439547018
1.305    0.276708138190785 0.932879412480785
1.314    0.268100253534108 0.935331077093909
1.323    0.259457081425562 0.937705111182043
1.332    0.250779647927431 0.940001201775401
1.341    0.242068979101997 0.942219045138755
1.35    0.23332610101154 0.944358346771442
1.359    0.224552039718345 0.946418821407355
1.368    0.215747821284691 0.94840019301495
1.377    0.206914471772862 0.950302194797245
1.386    0.198053017245139 0.952124569191814
1.395    0.189164483763805 0.953867067870796
1.404    0.180249897391141 0.955529451740889
1.413    0.17131028418943 0.95711149094335
1.422    0.162346670220953 0.958612964853998
1.431    0.153360081547993 0.960033662083214
1.44    0.144351544232831 0.961373380475935
1.449    0.135322084337749 0.962631927111665
1.458    0.126272727925031 0.963809118304462
1.467    0.117204501056956 0.964904779602949
1.476    0.108118429795808 0.965918745790308
1.485    0.099015540203869 0.966850860884281
1.494    0.0898968583434204 0.967700978137172
1.503    0.0807634102767444 0.968468960035844
1.512    0.0716162220661227 0.969154678301722
1.521    0.0624563197738379 0.96975801389079
1.53    0.0532847294621714 0.970278856993593
1.539    0.0441024771934058 0.970717107035237
1.548    0.0349105890298225 0.97107267267539
1.557    0.0257100910337042 0.971345471808276
1.566    0.0165020092673323 0.971535431562686
1.575    0.00728736979298927 0.971642488301965
1.584    -0.00193280132704331 0.971666587624022
1.593    -0.011157478030483 0.971607684361327
1.602    -0.0203856342550482 0.97146574258091
1.611    -0.0296162439384564 0.97124073558436
1.62    -0.0388482810184262 0.970932645907828
1.629    -0.0480807194326749 0.970541465322026
1.638    -0.0573125331189209 0.970067194832224
1.647    -0.0665426960148824 0.969509844678256
1.656    -0.0757701820582769 0.968869434334514
1.665    -0.0849939651868228 0.968145992509951
1.674    -0.0942130193382378 0.967339557148083
1.683    -0.10342631845024 0.966450175426981
1.692    -0.112632836460547 0.965477903759283
1.701    -0.121831547306878 0.964422807792183
1.71    -0.13102142492695 0.963284962407438
1.719    -0.140201443258481 0.962064451721364
1.728    -0.149370576239188 0.960761369084838
1.737    -0.158527797806792 0.959375817083298
1.746    -0.167672081899008 0.957907907536742
1.755    -0.176802402453555 0.956357761499729
1.764    -0.185917733408151 0.954725509261378
1.773    -0.195017048700515 0.953011290345369
1.782    -0.204099322268363 0.951215253509942
1.791    -0.213163528049415 0.949337556747899
1.8    -0.222208639981388 0.9473783672866
1.809    -0.231233632001999 0.945337861587968
1.818    -0.240237478048968 0.943216225348485
1.827    -0.249219152060011 0.941013653499194
1.836    -0.258177627972848 0.938730350205699
1.845    -0.267111879725195 0.936366528868164
1.854    -0.276020881254772 0.933922412121314
1.863    -0.284903606499296 0.931398231834434
1.872    -0.293759029396484 0.928794229111369
1.881    -0.302586123884055 0.926110654290526
1.89    -0.311383863899728 0.923347766944871
1.899    -0.320151223381219 0.920505835881933
1.908    -0.328887176266247 0.917585139143799
1.917    -0.33759069649253 0.914585964007117
1.926    -0.346260757997786 0.911508606983096
1.935    -0.354896334719733 0.908353373817507
1.944    -0.363496400596088 0.905120579490678
1.953    -0.372059929564571 0.901810548217501
1.962    -0.380585895562898 0.898423613447426
1.971    -0.389073272528788 0.894960117864466
1.98    -0.397521034399958 0.891420413387192
1.989    -0.405928155114128 0.887804861168738
1.998    -0.414293608609014 0.884113831596796
2.007    -0.422616419342481 0.88034770420521
2.016    -0.430896012987773 0.876506865702841
2.025    -0.439132006546615 0.872591706771689
2.034    -0.447324018199047 0.868602621530722
2.043    -0.455471666125105 0.864540007535286
2.052    -0.463574568504828 0.860404265777109
2.061    -0.471632343518255 0.856195800684298
2.07    -0.479644609345422 0.851915020121339
2.079    -0.487610984166369 0.847562335389099
2.088    -0.495531086161132 0.843138161224823
2.097    -0.503404533509751 0.838642915802137
2.106    -0.511230944392263 0.834077020731046
2.115    -0.519009936988707 0.829440901057934
2.124    -0.526741129479119 0.824734985265567
2.133    -0.534424140043539 0.819959705273088
2.142    -0.542058586862005 0.815115496436021
2.151    -0.549644088114553 0.81020279754627
2.16    -0.557180261981224 0.805222050832117
2.169    -0.564666726642054 0.800173701958225
2.178    -0.572103100277081 0.795058200025637
2.187    -0.579489001066344 0.789875997571775
2.196    -0.586824047189881 0.78462755057044
2.205    -0.59410785682773 0.779313318431814
2.214    -0.601340048159928 0.773933764002458
2.223    -0.608520239366514 0.768489353565312
2.232    -0.615648048627526 0.762980556839697
2.241    -0.622723094123002 0.757407846981313
2.25    -0.629744994032979 0.75177170058224
2.259    -0.636713366537497 0.746072597670936
2.268    -0.643627829816593 0.740311021712241
2.277    -0.650488002050305 0.734487459607374
2.286    -0.657293501418671 0.728602401693932
2.295    -0.664043946101729 0.722656341745894
2.304    -0.670738954279517 0.716649776973617
2.313    -0.677378144132073 0.710583208023838
2.322    -0.683961133839436 0.704457138979675
2.331    -0.690487541581643 0.698272077360624
2.34    -0.696956985538733 0.692028534122561
2.349    -0.703369083890743 0.685727023657742
2.358    -0.709723454817711 0.679368063794802
2.367    -0.716019716499676 0.672952175798758
2.376    -0.722257487116675 0.666479884371003
2.385    -0.728436384848747 0.659951717649313
2.394    -0.73455602787593 0.65336820720784
2.403    -0.740616034378261 0.64672988805712
2.412    -0.746616022535779 0.640037298644066
2.421    -0.752555610528522 0.633290980851971
2.43    -0.758434416536528 0.626491480000507
2.439    -0.764252058739834 0.619639344845727
2.448    -0.770008155318479 0.612735127580064
2.457    -0.775702324452501 0.605779383832329
2.466    -0.781334184321939 0.598772672667712
2.475    -0.786903353106829 0.591715556587787
2.484    -0.79240944898721 0.584608601530503
2.493    -0.797852090143121 0.577452376870191
2.502    -0.803230894754598 0.570247455417561
2.511    -0.808545481001681 0.562994413419701
2.52    -0.813795467064407 0.555693830560083
2.529    -0.818980471122815 0.548346289958555
2.538    -0.824100111356941 0.540952378171345
2.547    -0.829154005946825 0.533512685191063
2.556    -0.834141773072505 0.526027804446695
2.565    -0.839063030914018 0.51849833280361
2.574    -0.843917397651402 0.510924870563555
2.583    -0.848704491464696 0.503308021464657
2.592    -0.853423930533938 0.495648392681423
2.601    -0.858075333039165 0.487946594824738
2.61    -0.862658317160416 0.48020324194187
2.619    -0.867172501077729 0.472418951516462
2.628    -0.871617502971141 0.464594344468542
2.637    -0.875992941020691 0.456730045154514
2.646    -0.880298433406417 0.448826681367161
2.655    -0.884533598308357 0.44088488433565
2.664    -0.88869805390655 0.432905288725522
2.673    -0.892791418381032 0.424888532638703
2.682    -0.896813309911841 0.416835257613495
2.691    -0.900763346679018 0.408746108624581
2.7    -0.904641146862598 0.400621734083023
2.709    -0.90844632864262 0.392462785836264
2.718    -0.912178510199123 0.384269919168127
2.727    -0.915837309712143 0.376043792798811
2.736    -0.919422345361721 0.367785068884898
2.745    -0.922933235327892 0.35949441301935
2.754    -0.926369597790696 0.351172494231506
2.763    -0.92973105093017 0.342819984987088
2.772    -0.933017212926353 0.334437561188193
2.781    -0.936227701959282 0.326025902173303
2.79    -0.939362136208996 0.317585690717276
2.799    -0.942420133855532 0.30911761303135
2.808    -0.945401313078929 0.300622358763146
2.817    -0.948305292059225 0.292100620996659
2.826    -0.951131688976458 0.283553096252269
2.835    -0.953880122010665 0.274980484486732
2.844    -0.956550209341885 0.266383489093186
2.853    -0.959141569150156 0.257762816901146
2.862    -0.961653819615516 0.249119178176511
2.871    -0.964086578918003 0.240453286621556
2.88    -0.966439465237654 0.231765859374936
2.889    -0.968712096754509 0.223057617011687
2.898    -0.970904091648605 0.214329283543223
2.907    -0.973015068099981 0.20558158641734
2.916    -0.975044644288673 0.196815256518212
2.925    -0.97699243839472 0.188031028166392
2.934    -0.978858068598161 0.179229639118814
2.943    -0.980641153079033 0.170411830568792
2.952    -0.982341310017374 0.161578347146019
2.961    -0.983958157593223 0.152729936916567
2.97    -0.985491313986617 0.143867351382888
2.979    -0.986940397377595 0.134991345483815
2.988    -0.988305025946194 0.126102677594559
2.997    -0.989584817872453 0.117202109526711
3.006    -0.990779422323018 0.108290406481762
3.015    -0.991888848683861 0.0993683354678807
3.024    -0.992913338740517 0.090436662014365
3.033    -0.99385313815185 0.0814961494424875
3.042    -0.994708492576721 0.0725475588625913
3.051    -0.995479647673992 0.0635916491740891
3.06    -0.996166849102525 0.0546291770654654
3.069    -0.996770342521184 0.0456608970142735
3.078    -0.997290373588828 0.0366875612871374
3.087    -0.997727187964322 0.0277099199397508
3.096    -0.998081031306527 0.0187287208168792
3.105    -0.998352149274304 0.00974470955235682
3.114    -0.998540787526517 0.00075862956908862
3.123    -0.998647191722028 -0.00822877792095063
3.132    -0.998671607519698 -0.0172167739167146
3.141    -0.99861428057839 -0.0262046216280881
3.15    -0.998475456556965 -0.0351915864758851
3.159    -0.998255381114287 -0.0441769360918494
3.168    -0.997954299909217 -0.0531599403186553
3.177    -0.997572458600617 -0.062139871209905
3.186    -0.997110102847349 -0.0711160030301322
3.195    -0.996567478308276 -0.0800876122547997
3.204    -0.99594483064226 -0.0890539775703006
3.213    -0.995242405508162 -0.0980143798739563
3.222    -0.994460448564846 -0.10696810227402
3.231    -0.993599205471172 -0.115914430089672
3.24    -0.992658921886004 -0.124852650851026
3.249    -0.991639843468204 -0.133782054299123
3.258    -0.990542215876633 -0.142701932385933
3.267    -0.989366284770153 -0.151611579274357
3.276    -0.988112295807628 -0.160510291338227
3.285    -0.986780494647918 -0.169397367162303
3.294    -0.985371126949886 -0.178272107542275
3.303    -0.983884438372395 -0.187133815484763
3.312    -0.982320674574306 -0.195981796207316
3.321    -0.980680081214482 -0.204815357138415
3.33    -0.978962903951785 -0.213633807917468
3.339    -0.977169388445076 -0.222436460394815
3.348    -0.975299780353218 -0.231222628631724
3.357    -0.973354325335073 -0.239991628900394
3.366    -0.971333269049504 -0.248742779683953
3.375    -0.969236857155372 -0.257475401676459
3.384    -0.967065335311539 -0.266188817782901
3.393    -0.964818949176869 -0.274882353119194
3.402    -0.962497944410222 -0.283555335012189
3.411    -0.960102566670461 -0.292207092999659
3.42    -0.957633061616448 -0.300836958830314
3.429    -0.955089674907045 -0.309444266463789
3.438    -0.952472652201115 -0.318028352070651
3.447    -0.949782239157519 -0.326588554032396
3.456    -0.94701868143512 -0.33512421294145
3.465    -0.94418222469278 -0.343634671601168
3.474    -0.941273114589361 -0.352119275025837
3.483    -0.938291596783725 -0.360577370440671
3.492    -0.935237916934734 -0.369008307281814
3.501    -0.93211232070125 -0.377411437196342
3.51    -0.928915053742136 -0.385786114042259
3.519    -0.925646361716254 -0.3941316938885
3.528    -0.922306490282465 -0.402447535014928
3.537    -0.918895685099633 -0.410732997912338
3.546    -0.915414191826618 -0.418987445282451
3.555    -0.911862256122284 -0.427210242037923
3.564    -0.908240123645492 -0.435400755302335
3.573    -0.904548040055105 -0.443558354410201
3.582    -0.900786251009984 -0.451682410906963
3.591    -0.896955002168992 -0.459772298548993
3.6    -0.893054539190991 -0.467827393303594
3.609    -0.889085107734844 -0.475847073348996
3.618    -0.885046953459411 -0.483830719074363
3.627    -0.880940322023556 -0.491777713079784
3.636    -0.87676545908614 -0.499687440176282
3.645    -0.872522610306026 -0.507559287385807
3.654    -0.868212021342076 -0.515392643941239
3.663    -0.863833937853152 -0.523186901286389
3.672    -0.859388605498115 -0.530941453075998
3.681    -0.854876269935829 -0.538655695175734
3.69    -0.850297176825156 -0.546329025662197
3.699    -0.845651571824957 -0.553960844822918
3.708    -0.840939700594094 -0.561550555156355
3.717    -0.83616180879143 -0.569097561371896
3.726    -0.831318142075828 -0.576601270389861
3.735    -0.826408946106148 -0.584061091341499
3.744    -0.821434466541253 -0.591476435568987
3.753    -0.816394949040006 -0.598846716625432
3.762    -0.811290639261269 -0.606171350274874
3.771    -0.806121782863903 -0.613449754492279
3.78    -0.800888625506771 -0.620681349463545
3.789    -0.795591412848735 -0.627865557585499
3.798    -0.790230390548656 -0.635001803465896
3.807    -0.784805804265399 -0.642089513923425
3.816    -0.779317899657823 -0.6491281179877
3.825    -0.773766922384792 -0.656117046899269
3.834    -0.768153118105167 -0.663055734109607
3.843    -0.762476732477812 -0.669943615281119
3.852    -0.756738011161587 -0.676780128287141
3.861    -0.750937199815355 -0.683564713211938
3.87    -0.745074544097979 -0.690296812350704
3.879    -0.73915028966832 -0.696975870209564
3.888    -0.73316468218524 -0.703601333505573
3.897    -0.727117967307602 -0.710172651166715
3.906    -0.721010390694268 -0.716689274331903
3.915    -0.714842198004099 -0.723150656350981
3.924    -0.708613634895959 -0.729556252784723
3.933    -0.702324947028709 -0.735905521404831
3.942    -0.695976380061211 -0.742197922193939
3.951    -0.689568179652328 -0.748432917345609
3.96    -0.683100591460922 -0.754609971264333
3.969    -0.676573861145854 -0.760728550565534
3.978    -0.669988234365987 -0.766788124075564
3.987    -0.663343956780183 -0.772788162831705
3.996    -0.656641274047304 -0.778728140082166
4.005    -0.649880446290403 -0.784607531304171
4.014    -0.64306199329367 -0.790425815224863
4.023    -0.636186659441239 -0.79618247654089
4.032    -0.629255196522907 -0.801877006707607
4.041    -0.622268356328474 -0.807508903946475
4.05    -0.615226890647739 -0.813077673245061
4.059    -0.608131551270499 -0.818582826357044
4.068    -0.600983089986554 -0.824023881802209
4.077    -0.593782258585701 -0.829400364866451
4.086    -0.586529808857739 -0.834711807601771
4.095    -0.579226492592467 -0.839957748826279
4.104    -0.571873061579684 -0.845137734124193
4.113    -0.564470267609187 -0.85025131584584
4.122    -0.557018862470776 -0.855298053107654
4.131    -0.549519597954249 -0.86027751179218
4.14    -0.541973225849405 -0.865189264548066
4.149    -0.534380497946041 -0.870032890790073
4.158    -0.526742166033957 -0.874807976699069
4.167    -0.519058981902951 -0.879514115222028
4.176    -0.511331697342822 -0.884150906072034
4.185    -0.503561064143368 -0.88871795572828
4.194    -0.495747834094387 -0.893214877436066
4.203    -0.487892758985679 -0.8976412912068
4.212    -0.479996590607042 -0.901996823817999
4.221    -0.472060080748274 -0.906281108813287
4.23    -0.464083981199173 -0.910493786502397
4.239    -0.45606904374954 -0.91463450396117
4.248    -0.448016020189171 -0.918702915031556
4.257    -0.439925662307866 -0.922698680321612
4.266    -0.431798721895422 -0.926621467205504
4.275    -0.423635950741639 -0.930470949823506
4.284    -0.415438100636315 -0.934246809081999
4.293    -0.407205923369248 -0.937948732653475
4.302    -0.398940170730239 -0.94157641497653
4.311    -0.390641594509082 -0.945129557255872
4.32    -0.38231094649558 -0.948607867462317
4.329    -0.37394897847953 -0.952011060332785
4.338    -0.365556442250729 -0.95533885737031
4.347    -0.357134089598977 -0.95859098684403
4.356    -0.348682672314073 -0.961767183789192
4.365    -0.340202942185814 -0.964867190007153
4.374    -0.331695651004 -0.967890754065376
4.383    -0.323161550558428 -0.970837631297433
4.392    -0.314601392638898 -0.973707583803006
4.401    -0.306015929035209 -0.976500380447881
4.41    -0.297405911537157 -0.979215796863956
4.419    -0.288772091934543 -0.981853615449236
4.428    -0.280115222017164 -0.984413625367834
4.437    -0.271436053574819 -0.98689562254997
4.446    -0.262735338397308 -0.989299409691975
4.455    -0.254013828274427 -0.991624796256286
4.464    -0.245272274995975 -0.993871598471448
4.473    -0.236511430351753 -0.996039639332116
4.482    -0.227732046131557 -0.998128748599052
4.491    -0.218934874125187 -1.00013876279913
4.5    -0.210120666122439 -1.00206952522532
4.509    -0.201290173913115 -1.00392088593671
4.518    -0.192444149287011 -1.0056927017585
4.527    -0.183583344033927 -1.00738483628199
4.536    -0.174708509943661 -1.0089971598646
4.545    -0.165820398806011 -1.01052954962984
4.554    -0.156919762410777 -1.01198188946734
4.563    -0.148007352547756 -1.01335407003283
4.572    -0.139083921006747 -1.01464598874816
4.581    -0.130150219577548 -1.01585754980129
4.59    -0.12120700004996 -1.01698866414626
4.599    -0.112255014213778 -1.01803924950326
4.608    -0.103295013858804 -1.01900923035855
4.617    -0.0943277507748333 -1.01989853796453
4.626    -0.085353976751666 -1.02070711033968
4.635    -0.0763744435791015 -1.02143489226861
4.644    -0.0673899030469364 -1.02208183530203
4.653    -0.0584011069449712 -1.02264789775675
4.662    -0.0494088070630026 -1.0231330447157
4.671    -0.0404137551908299 -1.02353724802791
4.68    -0.0314167031182528 -1.02386048630853
4.689    -0.0224184026350677 -1.02410274493881
4.698    -0.0134196055310742 -1.0242640160661
4.707    -0.0044210635960718 -1.02434429860387
4.716    0.00457647138014294 -1.02434359823171
4.725    0.0135722476077696 -1.02426192739528
4.734    0.0225655132970113 -1.02409930530638
4.743    0.0315555166580688 -1.02385575794292
4.752    0.0405415059011427 -1.02353131804889
4.761    0.049522729236436 -1.02312602513442
4.77    0.0584984348741486 -1.02263992547573
4.779    0.0674678710244837 -1.02207307211515
4.788    0.076430285897642 -1.02142552486112
4.797    0.0853849277038238 -1.02069735028819
4.806    0.0943310446532325 -1.01988862173702
4.815    0.103267884956069 -1.01899941931437
4.824    0.112194696822533 -1.01802982989312
4.833    0.121110728462828 -1.01697994711224
4.842    0.130015228087155 -1.01584987137684
4.851    0.138907443905716 -1.01463970985809
4.86    0.147786624128711 -1.01334957649332
4.869    0.156652016966342 -1.01197959198593
4.878    0.165502870628812 -1.01052988380545
4.887    0.17433843332632 -1.00900058618751
4.896    0.183157953269069 -1.00739184013384
4.905    0.19196067866726 -1.0057037934123
4.914    0.200745857731095 -1.00393660055683
4.923    0.209512738670775 -1.00209042286751
4.932    0.218260569696502 -1.0001654284105
4.941    0.226988599018475 -0.998161792018086
4.95    0.2356960748469 -0.99607969528865
4.959    0.244382245391974 -0.993919326586692
4.968    0.253046358863901 -0.991680881042814
4.977    0.261687663472883 -0.98936456055373
4.986    0.270305407429118 -0.986970573782261
4.995    0.278898838942812 -0.984499136157334
5.004    0.287467209666952 -0.981950469870544
5.013    0.296009875667849 -0.979324803509266
5.022    0.304526313724588 -0.976622370792355
5.031    0.313016007340445 -0.973843410095546
5.04    0.321478440018704 -0.97098816444304
5.049    0.329913095262642 -0.968056881507512
5.058    0.338319456575539 -0.965049813610106
5.067    0.346697007460675 -0.961967217720436
5.076    0.355045231421328 -0.958809355456587
5.085    0.36336361196078 -0.955576493085115
5.094    0.37165163258231 -0.952268901521047
5.103    0.379908776789195 -0.948886856327878
5.112    0.388134528084719 -0.945430637717575
5.121    0.396328369972158 -0.941900530550577
5.13    0.404489785954793 -0.938296824335791
5.139    0.412618259535903 -0.934619813230595
5.148    0.420713274218769 -0.93086979604084
5.157    0.428774313506669 -0.927047076220842
5.166    0.436800860902884 -0.923151961873394
5.175    0.444792399910692 -0.919184765749756
5.184    0.452748414033374 -0.915145805249657
5.193    0.460668386774208 -0.911035402421301
5.202    0.468551801636475 -0.906853883961357
5.211    0.476398142123455 -0.90260158121497
5.22    0.484206891738426 -0.898278830175751
5.229    0.491977533984669 -0.893885971485784
5.238    0.499709552365463 -0.889423350435623
5.247    0.507402430384087 -0.884891316964293
5.256    0.515055651543822 -0.880290225659286
5.265    0.522668699347946 -0.875620435756571
5.274    0.53024105729974 -0.87088231114058
5.283    0.537772208902483 -0.866076220344222
5.292    0.545261637659454 -0.861202536548873
5.301    0.552708827073933 -0.85626163758438
5.31    0.5601132606492 -0.85125390592906
5.319    0.567474421888535 -0.846179728709702
5.328    0.574791794295216 -0.841039497701564
5.337    0.582064861372524 -0.835833609328376
5.346    0.589293106623738 -0.830562464662337
5.355    0.596476013552138 -0.825226469424117
5.364    0.603613065661003 -0.819826033982857
5.373    0.610703746453614 -0.814361573356168
5.382    0.617747539433248 -0.808833507210131
5.391    0.624743928103187 -0.803242259859299
5.4    0.63169239596671 -0.797588260266693
5.409    0.638592426527095 -0.791871942043807
5.418    0.645443503287624 -0.786093743450605
5.427    0.652245109751574 -0.78025410739552
5.436    0.658996729422228 -0.774353481435456
5.445    0.665697845802863 -0.76839231777579
5.454    0.672347942396759 -0.762371073270365
5.463    0.678946502707197 -0.756290209421498
5.472    0.685493010237454 -0.750150192379976
5.481    0.691986948490812 -0.743951492945055
5.49    0.698427800970549 -0.737694586564462
5.499    0.704815051179945 -0.731379953334396
5.508    0.711148182622281 -0.725008077999524
5.517    0.717426678800835 -0.718579449952986
5.526    0.723650023218886 -0.712094563236391
5.535    0.729817699379716 -0.705553916539818
5.544    0.735929190786603 -0.698958013201818
5.553    0.741983980942826 -0.692307361209411
5.562    0.747981553351667 -0.685602473198089
5.571    0.753921391516402 -0.678843866451814
5.58    0.759802978940314 -0.672032062903016
5.589    0.765625799126681 -0.6651675891326
5.598    0.771389335578783 -0.658250976369939
5.607    0.777093071799899 -0.651282760492875
5.616    0.782736491293309 -0.644263482027724
5.625    0.788319077562292 -0.637193686149269
5.634    0.793840314110129 -0.630073922680766
5.643    0.799299684440099 -0.622904746093941
5.652    0.804696672055481 -0.615686715508988
5.661    0.810030760459555 -0.608420394694576
5.67    0.8153014331556 -0.60110635206784
5.679    0.820508173646897 -0.593745160694389
5.688    0.825650465436724 -0.586337398288301
5.697    0.830727792028362 -0.578883647212123
5.706    0.83573963692509 -0.571384494476874
5.715    0.840685483630187 -0.563840531742046
5.724    0.845564815646934 -0.556252355315596
5.733    0.850377116478608 -0.548620566153957
5.742    0.855121869628492 -0.540945769862027
5.751    0.859798558599864 -0.533228576693179
5.76    0.864406666896002 -0.525469601549255
5.769    0.868945678020189 -0.517669463980567
5.778    0.873415075475701 -0.509828788185898
5.787    0.87781434276582 -0.5019482030125
5.796    0.882142963393825 -0.494028341956099
5.805    0.886400420862995 -0.486069843160888
5.814    0.890586198676611 -0.478073349419532
5.823    0.894699780337951 -0.470039508173166
5.832    0.898740649350296 -0.461968971511396
5.841    0.902708289216924 -0.453862396172298
5.85    0.906602183441116 -0.445720443542419
5.859    0.910421815526151 -0.437543779656775
5.868    0.914166668975308 -0.429333075198855
5.877    0.917836227291868 -0.421089005500618
5.886    0.92142997397911 -0.41281225054249
5.895    0.924947392540313 -0.404503494953372
5.904    0.928387966478757 -0.396163428010632
5.913    0.931751179297722 -0.387792743640112
5.922    0.935036514500486 -0.379392140416122
5.931    0.938243455590332 -0.370962321561442
5.94    0.941371486070536 -0.362503994947324
5.949    0.944420089444379 -0.354017873093492
5.958    0.947388749215141 -0.345504673168135
5.967    0.950276948886101 -0.336965116987919
5.976    0.953084171960539 -0.328399931017975
5.985    0.955809901941734 -0.319809846371908
5.994    0.958453622332966 -0.311195598811794
6.003    0.961014820426032 -0.302557928745334
6.012    0.963493210823748 -0.293897580512674
6.021    0.965888860461014 -0.285215299172788
6.03    0.968201866580863 -0.276511828954927
6.039    0.97043232642633 -0.267787913213156
6.048    0.97258033724045 -0.259044294426347
6.057    0.974645996266256 -0.250281714198192
6.066    0.976629400746785 -0.241500913257191
6.075    0.978530647925069 -0.232702631456657
6.084    0.980349835044145 -0.223887607774717
6.093    0.982087059347046 -0.215056580314311
6.102    0.983742418076806 -0.206210286303189
6.111    0.985316008476461 -0.197349462093919
6.12    0.986807927789045 -0.188474843163874
6.129    0.988218273257592 -0.179587164115248
6.138    0.989547142125137 -0.170687158675041
6.147    0.990794631634714 -0.161775559695069
6.156    0.991960839029358 -0.152853099151961
6.165    0.993045861552105 -0.143920508147156
6.174    0.994049796445986 -0.134978516906909
6.183    0.994972740954039 -0.126027854782286
6.192    0.995814792319297 -0.117069250249165
6.201    0.996576047784794 -0.108103430908239
6.21    0.997256604593565 -0.0991311234850092
6.219    0.997856559988646 -0.0901530538297948
6.228    0.998376011213069 -0.0811699469177258
6.237    0.99881505550987 -0.0721825268487426
6.246    0.999173790122084 -0.0631915168476012
6.255    0.999452312292744 -0.0541976392638699
6.264    0.999650719264885 -0.0452016155719276
6.273    0.999769108281543 -0.0362041663709687
6.282    0.99980757658575 -0.0272060113849973
6.291    0.999766221420543 -0.0182078694628328
6.3    0.999645140028955 -0.00921045857810687
6.309    0.999444429654022 -0.000214495829261807
6.318    0.999164187538777 0.00877930256044435
6.327    0.998804510926254 0.0177702212429441
6.336    0.99836549705949 0.0267575457453548
6.345    0.997847243181517 0.0357405624699811
6.354    0.997249846535372 0.0447185586943175
6.363    0.996573404364087 0.0536908225710431
6.372    0.995818013910698 0.0626566431280245
6.381    0.994983772418239 0.0716153102683183
6.39    0.994070777129746 0.0805661147701646
6.399    0.993079125288251 0.0895083482869944
6.408    0.99200891413679 0.0984413033474238
6.417    0.990860240918398 0.107364273355256
6.426    0.989633202876108 0.116276552589483
6.435    0.988327897252956 0.125177436204283
6.444    0.986944421291976 0.134066220229023
6.453    0.985482872236202 0.142942201568255
6.462    0.98394334732867 0.151804678001719
6.471    0.982325943812413 0.160652948184344
6.48    0.980630758930465 0.169486311646246
6.489    0.978857889925863 0.178304068792725
6.498    0.97700743404164 0.187105520904272
6.507    0.97507948852083 0.195889970136564
6.516    0.973074150606469 0.204656719520466
6.525    0.97099151754159 0.21340507296203
6.534    0.968831686569229 0.222134335242492
6.543    0.966594754932419 0.230843812018282
6.552    0.964280819874196 0.239532809821011
6.561    0.961889978637593 0.248200636057482
6.57    0.959422328465646 0.256846599009683
6.579    0.956877966601389 0.265470007834787
6.588    0.954256990287856 0.27407017256516
6.597    0.951559496768083 0.28264640410835
6.606    0.948785583285102 0.291198014247095
6.615    0.94593534708195 0.299724315639321
6.624    0.943008885401661 0.308224621818139
6.633    0.940006295487268 0.316698247191849
6.642    0.936927674581807 0.325144507043937
6.651    0.933773119928312 0.333562717533077
6.66    0.930542728769818 0.341952195693132
6.669    0.927236598349359 0.350312259433148
6.678    0.92385482590997 0.358642227537363
6.687    0.920397508694685 0.3669414196652
6.696    0.916864743946539 0.375209156351269
6.705    0.913256628908567 0.383444759005368
6.714    0.909573260823801 0.391647549912483
6.723    0.905814736935279 0.399816852232785
6.732    0.901981154486034 0.407951990001636
6.741    0.8980726107191 0.416052288129581
6.75    0.894089202877512 0.424117072402355
6.759    0.890031028204304 0.432145669480881
6.768    0.885898183942511 0.440137406901267
6.777    0.881690767335168 0.44809161307481
6.786    0.87740887562531 0.456007617287992
6.795    0.873052606055969 0.463884749702487
6.804    0.868622055870182 0.471722341355151
6.813    0.864117322310983 0.47951972415803
6.822    0.859538502621406 0.487276230898357
6.831    0.854885694044486 0.494991195238553
6.84    0.850158993823257 0.502663951716225
6.849    0.845358499200753 0.510293835744168
6.858    0.840484307420011 0.517880183610364
6.867    0.835536515724063 0.525422332477982
6.876    0.830515221355944 0.532919620385381
6.885    0.82542052155869 0.540371386246102
6.894    0.820252513575333 0.547776969848879
6.903    0.815011294648911 0.555135711857629
6.912    0.809696962022455 0.562446953811459
6.921    0.804309612939001 0.569710038124662
6.93    0.798849344641585 0.576924308086719
6.939    0.793316254373238 0.584089107862298
6.948    0.787710439376998 0.591203782491254
6.957    0.782031996895899 0.598267677888629
6.966    0.776281024172973 0.605280140844655
6.975    0.770457618451257 0.612240519024746
6.984    0.764561876973785 0.61914816096951
6.993    0.758593896983591 0.626002416094737
7.002    0.75255377729623 0.632802634692191
7.011    0.746441872065134 0.63954816864516
7.02    0.740259070886679 0.646238375701521
7.029    0.734006330779018 0.652872622104333
7.038    0.727684608760309 0.659450282709811
7.047    0.721294861848705 0.665970740987339
7.056    0.714838047062362 0.672433389019463
7.065    0.708315121419435 0.678837627501892
7.074    0.70172704193808 0.685182865743498
7.083    0.695074765636451 0.691468521666317
7.092    0.688359249532703 0.697694021805548
7.101    0.681581450644991 0.703858801309553
7.11    0.674742325991471 0.70996230393986
7.119    0.667842832590298 0.716003982071157
7.128    0.660883927459627 0.721983296691297
7.137    0.653866567617613 0.727899717401296
7.146    0.646791710082411 0.733752722415334
7.155    0.639660311872175 0.739541798560755
7.164    0.632473330005063 0.745266441278063
7.173    0.625231721499228 0.75092615462093
7.182    0.617936443372825 0.756520451256188
7.191    0.61058845264401 0.762048852463833
7.2    0.603188706330938 0.767510888137027
7.209    0.595738161451764 0.772906096782092
7.218    0.588237775024643 0.778234025518515
7.227    0.58068850406773 0.783494230078946
7.236    0.573091305599181 0.788686274809199
7.245    0.56544713663715 0.793809732668251
7.254    0.557756954199793 0.798864185228241
7.263    0.550021715305263 0.803849222674475
7.272    0.542242376971718 0.80876444380542
7.281    0.534419896217312 0.813609456032704
7.29    0.5265552300602 0.818383875381123
7.299    0.518649335518537 0.823087326488634
7.308    0.510703169610478 0.827719442606357
7.317    0.502717689354179 0.832279865598578
7.326    0.494693851767795 0.836768245942742
7.335    0.48663261386948 0.841184242729462
7.344    0.478534932677389 0.845527523662512
7.353    0.470401765209679 0.849797765058828
7.362    0.462234068484503 0.853994651848514
7.371    0.454032799520018 0.858117877574832
7.38    0.445798915334378 0.86216714439421
7.389    0.437533372945738 0.866142163076241
7.398    0.429237129372255 0.870042653003679
7.407    0.420911141632081 0.873868342172442
7.416    0.412556366743373 0.877618967191611
7.425    0.404173761724286 0.881294273283431
7.434    0.395764283592975 0.884894014283311
7.443    0.387328889367596 0.888417952639823
7.452    0.378868536066302 0.8918658594147
7.461    0.370384180707249 0.895237514282843
7.47    0.361876780308594 0.898532705532312
7.479    0.35334729188849 0.901751230064333
7.488    0.344796672465092 0.904892893393295
7.497    0.336225879056557 0.907957509646749
7.506    0.327635868681038 0.910944901565412
7.515    0.319027598356692 0.913854900503162
7.524    0.310402025101672 0.916687346427041
7.533    0.301760105934135 0.919442087917254
7.542    0.293102797872235 0.922118982167172
7.551    0.284431057934128 0.924717894983326
7.56    0.275745843137969 0.927238700785412
7.569    0.267048110501912 0.92968128260629
7.578    0.258338817044113 0.932045532091981
7.587    0.249618919782728 0.934331349501673
7.596    0.24088937573591 0.936538643707714
7.605    0.232151141921816 0.938667332195618
7.614    0.223405175358601 0.940717341064059
7.623    0.214652433064418 0.942688605024879
7.632    0.205893872057425 0.94458106740308
7.641    0.197130449355775 0.946394680136829
7.65    0.188363121977624 0.948129403777455
7.659    0.179592846941127 0.949785207489451
7.668    0.170820581264439 0.951362069050475
7.677    0.162047281965716 0.952859974851345
7.686    0.153273906063112 0.954278919896046
7.695    0.144501410574782 0.955618907801724
7.704    0.135730752518882 0.956879950798689
7.713    0.126962888913567 0.958062069730416
7.722    0.118198776776991 0.95916529405354
7.731    0.109439373127311 0.960189661837862
7.74    0.100685634982681 0.961135219766346
7.749    0.0919385193612562 0.96200202313512
7.758    0.0831989832811913 0.962790135853473
7.767    0.0744679837606418 0.96349963044386
7.776    0.0657464778177636 0.964130588041898
7.785    0.0570354224707104 0.964683098396367
7.794    0.0483357747376389 0.965157259869212
7.803    0.0396484916367025 0.965553179435541
7.812    0.030974530186057 0.965870972683624
7.821    0.0223148474038588 0.966110763814895
7.83    0.013670400308261 0.966272685643953
7.839    0.00504214591741967 0.966356879598558
7.848    -0.00356895875050939 0.966363495719635
7.857    -0.0121619566773724 0.966292692661272
7.866    -0.020735890845013 0.96614463769072
7.875    -0.0292898042352773 0.965919506688394
7.884    -0.0378227398300097 0.965617484147872
7.893    -0.046333740611054 0.965238763175895
7.902    -0.0548218495602569 0.964783545492369
7.911    -0.0632861096594614 0.964252041430361
7.92    -0.0717255638905143 0.963644469936103
7.929    -0.0801392552352597 0.96296105856899
7.938    -0.0885262266755413 0.962202043501581
7.947    -0.0968855211932059 0.961367669519598
7.956    -0.105216181770097 0.960458190021926
7.965    -0.11351725138806 0.959473867020613
7.974    -0.12178777302894 0.958414971140872
7.983    -0.130026789674581 0.957281781621078
7.992    -0.138233344306829 0.95607458631277
8.001    -0.146406480196839 0.954793681680578
8.01    -0.154545528769358 0.953439372079307
8.019    -0.162650650324666 0.952011963943781
8.028    -0.170722153290194 0.950511761229232
8.037    -0.178760346093371 0.948939065115044
8.046    -0.186765537161624 0.947294174004756
8.055    -0.194738034922386 0.945577383526058
8.064    -0.202678147803084 0.943788986530793
8.073    -0.210586184231147 0.94192927309496
8.082    -0.218462452634005 0.939998530518708
8.091    -0.226307261439085 0.937997043326341
8.1    -0.23412091907382 0.935925093266316
8.109    -0.241903733965637 0.933782959311241
8.118    -0.249656014541965 0.93157091765788
8.127    -0.257378069230234 0.92928924172715
8.136    -0.265070206457871 0.926938202164118
8.145    -0.272732734652308 0.924518066838008
8.154    -0.280365962240973 0.922029100842194
8.163    -0.287970197651296 0.919471566494205
8.172    -0.295545749310705 0.916845723335723
8.181    -0.303092925646628 0.914151828132583
8.19    -0.310612035086497 0.911390134874772
8.199    -0.31810338605774 0.908560894776432
8.208    -0.325567286987786 0.905664356275857
8.217    -0.333004046304064 0.902700765035493
8.226    -0.340413972434004 0.899670363941942
8.235    -0.347797373805033 0.896573393105958
8.244    -0.355154558844584 0.893410089862446
8.253    -0.362485835980083 0.890180688770468
8.262    -0.369791513638961 0.886885421613234
8.271    -0.377071900248645 0.883524517398114
8.28    -0.384327304236565 0.880098202356625
8.289    -0.391558034030153 0.876606699944439
8.298    -0.398764398056835 0.873050230841382
8.307    -0.405946704744041 0.869429012951434
8.316    -0.4131052625192 0.865743261402725
8.325    -0.42024037980974 0.861993188547543
8.334    -0.427352365043094 0.858179003962322
8.343    -0.434441526646688 0.854300914447656
8.352    -0.441508173047952 0.850359124028288
8.361    -0.448552612674315 0.846353833953117
8.37    -0.455575153953205 0.842285242695194
8.379    -0.462576105312054 0.83815354595172
8.388    -0.46955577517829 0.833958936644054
8.397    -0.476514471979342 0.829701604917706
8.406    -0.483452504142638 0.825381738142339
8.415    -0.490370180095608 0.82099952091177
8.424    -0.497267808265682 0.816555135043967
8.433    -0.504145697080289 0.812048759581054
8.442    -0.511004154966857 0.807480570789306
8.451    -0.517843490352817 0.802850742159152
8.46    -0.524664011665596 0.798159444405174
8.469    -0.531466027332623 0.793406845466109
8.478    -0.538249845781331 0.788593110504843
8.487    -0.545015775439146 0.783718401908417
8.496    -0.551764124733497 0.778782879288028
8.505    -0.558495202091815 0.773786699479022
8.514    -0.565209315941527 0.768730016540902
8.523    -0.571906774710064 0.763612981757319
8.532    -0.578587886824855 0.758435743636082
8.541    -0.585252960713328 0.75319844790915
8.55    -0.591902304802914 0.747901237532638
8.559    -0.598536227521039 0.742544252686813
8.568    -0.605155037295135 0.737127630776092
8.577    -0.611759042552631 0.73165150642905
8.586    -0.618348551720956 0.726116011498412
8.595    -0.624923873227539 0.720521275061057
8.604    -0.631485315499807 0.71486742341802
8.613    -0.638033186965193 0.709154580094482
8.622    -0.644567796051123 0.703382865839784
8.631    -0.651089451185029 0.697552398627417
8.64    -0.657598460794338 0.691663293655027
8.649    -0.664095133306479 0.685715663344412
8.658    -0.670579777148883 0.67970961734152
8.667    -0.677052700748978 0.673645262516458
8.676    -0.683514212534193 0.667522702963483
8.685    -0.689964620931959 0.661342040001005
8.694    -0.696404234369703 0.655103372171587
8.703    -0.702833361274853 0.648806795241949
8.712    -0.709252310074842 0.642452402202956
8.721    -0.715661389197097 0.636040283269634
8.73    -0.722060907069048 0.629570525881159
8.739    -0.728451172118123 0.623043214700859
8.748    -0.734832492771751 0.61645843161622
8.757    -0.741205177457363 0.609816255738873
8.766    -0.747569534602388 0.603116763404608
8.775    -0.753925872634253 0.596360028173369
8.784    -0.760274499980389 0.589546120829249
8.793    -0.766615725068224 0.582675109380497
8.802    -0.772949856325189 0.575747059059514
8.811    -0.779277202178712 0.568762032322854
8.82    -0.785598071056222 0.561720088851225
8.829    -0.791912771385149 0.554621285549487
8.838    -0.798221611592919 0.547465676546656
8.847    -0.804524900106966 0.540253313195896
8.856    -0.810822945354717 0.532984244074529
8.865    -0.817116055763601 0.525658514984028
8.874    -0.823404539761048 0.518276168950018
8.883    -0.829688705774484 0.510837246222282
8.892    -0.835968862231343 0.503341784274748
8.901    -0.842245317559051 0.495789817805504
8.91    -0.848518380185039 0.48818137873679
8.919    -0.854788358536734 0.480516496214996
8.928    -0.861055561041567 0.472795196610668
8.937    -0.867320296126966 0.465017503518507
8.946    -0.873582872220361 0.45718343775736
8.955    -0.879843597749182 0.449293017370234
8.964    -0.886102781140856 0.441346257624286
8.973    -0.892360730822814 0.433343171010827
8.982    -0.898617755222482 0.425283767245323
8.991    -0.904874162767294 0.417168053267388
