1   0   0.137326986679685
251   0.013170840046184   0.00940414632719588
501   0.00980513175182032   0.0107602686265775
751   0.00777104602573659   0.0163419577071108
1001   0.00686500183279366   0.012115200435441
1251   0.00602091826431766   0.00756100467910359
1501   0.00553638368155867   0.00630589318186237
1751   0.00520635957350556   0.012050331546467
2001   0.00485669779961839   0.000415489354537391
2251   0.00452931339330392   0.00211479706856199
2501   0.00429523414492577   0.00738589136292334
2751   0.00414200321647912   0.00203981799645603
3001   0.00384816988399251   0.000357080062762916
3251   0.00377918709956549   0.00471084056190074
3501   0.00365667904429858   0.00186099712751076
3751   0.00358796787704297   0.00345451764874627
4001   0.0034573850191984   0.000499579299469088
4251   0.00332767532090762   0.00282135339942724
4501   0.00319438440544519   0.00666766058321788
4751   0.00312241910922384   0.00201048783374014
5001   0.00307362059914857   0.00143788955534097
5251   0.00297486968519541   6.55163670367775E-05
5501   0.00291324013475508   0.00457751545127949
5751   0.00286719998638798   0.00335035525665184
6001   0.00280814775019638   0.00394678307425966
6251   0.00273803639335793   0.00222337780638404
6501   0.00263628234536865   0.000925580566799367
6751   0.00261185670338476   0.00010050950949847
7001   0.00257277125998232   0.00146717464711621
7251   0.00255435194623112   0.000189174026891337
7501   0.00249570541724142   0.000655617263838115
7751   0.00244207132210237   0.00232356198506589
8001   0.00239648392793436   0.0042748848830988
8251   0.00237725713282548   0.00144528869900284
8501   0.00232787729448789   0.00305931594604814
8751   0.00229866036359259   0.00239087022160511
9001   0.0022738023810573   0.00354021702528518
9251   0.00226148831607503   0.00284186516122464
9501   0.00222404064100975   0.00154015156221488
9751   0.00220696204727057   0.00562061522158974
10001   0.00215891788647665   0.000375996735629602
10251   0.00214573329897156   0.000487699551305565
10501   0.00211532950150708   0.00249714007824209
10751   0.00208669450689594   0.000739998400324238
11001   0.00203122653299749   0.00119714817862637
11251   0.00203498548012389   0.000158417653860488
11501   0.00200683718822735   0.00127879359697169
11751   0.00198005140702952   0.000637217120105005
12001   0.00197131141018716   0.00132010406563077
12251   0.00197310109161701   0.00277703558241005
12501   0.00191923556842361   0.00105206822842274
12751   0.00191646854927838   0.000336736114203484
13001   0.00189980115071675   0.000797500091239134
13251   0.00187559626439766   0.00153617916166637
13501   0.001862426065994   0.00274304096728029
13751   0.00182543669686274   0.0020044229041245
14001   0.00184226422070893   0.000187734394611616
14251   0.00181395868252862   0.0036353985102261
14501   0.00180044320433427   0.00168936921026019
14751   0.00178933004060952   0.000226555253033944
15001   0.00176570426236725   0.000688695363250891
15251   0.00175890886447818   0.000753857566219041
15501   0.00174849058295389   0.00194409752697244
15751   0.00171414655960999   0.00106962707479874
16001   0.00171018362961691   0.000986318893188676
16251   0.00168886868172655   0.00383202397762139
16501   0.00167661835410167   0.000857960326386742
16751   0.00166106846014466   0.00329967251489827
17001   0.00165433275035388   0.00116119227508671
17251   0.0016399190814179   0.00104485939953058
17501   0.00163240871750934   0.00235479358994206
17751   0.00162301025797581   0.00140728468625329
18001   0.00160599605509641   0.00121807712601552
18251   0.0016023051800437   0.00106983160208085
18501   0.00157422258539314   0.000717767897125077
18751   0.00158185978294047   0.000194343502999517
19001   0.00156720209134511   0.00225802842278677
19251   0.00156446889757536   0.00189242512251464
19501   0.00154202730611266   0.000761411987656779
19751   0.00154077623731279   0.00124733054285442
20001   0.00152315125180211   0.000542617118769795
20251   0.00151915168281235   0.00220378600436566
20501   0.00151305704751517   0.000608765441833303
20751   0.0015015503135915   0.00121590915802405
21001   0.00148666182255315   0.00485247037445702
21251   0.00148400804507455   0.000695324046944945
21501   0.00147093002246733   0.00196212048233613
21751   0.00146822795442351   0.00149713044933097
22001   0.00146076083833059   0.000828059311033691
22251   0.00144835508573715   0.00446827754530299
22501   0.00143281527014577   0.000908003424035964
22751   0.00143652341504306   0.002097648231565
23001   0.00142418045446021   0.00174647236220782
23251   0.00142406894508257   0.000706345361643934
23501   0.00140983335720995   0.00300539298032731
23751   0.00140645083555191   0.00169410039716222
24001   0.00138720615977756   0.00184196988598084
24251   0.00139123577250582   0.000303272142796351
24501   0.00137547025564236   0.00140834337608542
24751   0.00136855354909887   0.000630539310757183
25001   0.00136616680004869   0.00119141085656882
25251   0.00136106754085278   0.00196408745835974
25501   0.00135288087258503   0.00198189078137401
25751   0.00134686390540492   0.00138705958882812
26001   0.00133626588898951   0.00125226471633066
26251   0.00133211346726287   0.000258265830780591
26501   0.00132868914508264   0.00100924810570324
26751   0.00131481457169939   0.00206175000371578
27001   0.0013088849208798   0.00170418512627157
27251   0.00130314860467547   0.00168645100961118
27501   0.00131017552599082   0.000357080805670429
27751   0.00129779559552005   0.00161080878460207
28001   0.00129846212329634   0.000330849641820619
28251   0.0012827625716415   0.000156702837939227
28501   0.0012788604317285   0.000880621451592845
28751   0.00127417172015724   0.00154739005778892
29001   0.00127010747120748   0.00185331037665515
29251   0.00126710202956918   0.00288649515286632
29501   0.00126199705931577   0.000784726068459363
29751   0.001252537338271   0.00376289496408799
30001   0.00124670200094956   0.000167437368733703
30251   0.00124254834401812   0.000871629109381766
30501   0.00123886961090018   0.000970804152864546
30751   0.00123198424294464   0.00145322474994847
31001   0.00122208137042761   0.000679974358630653
31251   0.00121784416836977   0.00116389994324329
31501   0.00121546263817499   0.00317062700851367
31751   0.00121325575421555   0.00116611389570975
32001   0.00120248616546698   0.00387040377177883
32251   0.00119874480266133   0.00202959974585737
32501   0.0011942208045011   0.000444294230164899
32751   0.00119329119862564   0.000907342761029772
33001   0.00119205752292374   0.000844707040717485
33251   0.00117973449947251   0.00190687678950863
33501   0.00117720270520005   0.00146663099722966
33751   0.00117696963844009   0.000612196571061818
34001   0.00116868621169525   9.40567936510428E-05
34251   0.00116443330762431   0.00131835056875085
34501   0.00115923100929188   0.00200935038510841
34751   0.0011624458975175   0.00151478117380865
35001   0.00115226218406005   0.000885636805686985
35251   0.00115137377663966   0.00128146898386972
35501   0.00114077379257111   0.00198938566884521
35751   0.00114179267567865   0.00255117152087148
36001   0.00114386357748079   0.00134106932077327
36251   0.00113593410580008   0.00022183929397912
36501   0.00113164511022368   0.000423942309153214
36751   0.00112932029255367   0.00165058897291293
37001   0.00112460898331968   3.84428583543039E-05
37251   0.0011199480765993   0.00144756052640005
37501   0.00111336600734817   0.00150772840607927
37751   0.0011131672911681   0.000873504840054329
38001   0.00110923826205932   0.000302789632503409
38251   0.00110499344080236   0.000344810233348536
38501   0.00109973992131186   5.26673531859867E-05
38751   0.00109793952848849   0.000101510770612157
39001   0.00109478898196768   0.000470215286020981
39251   0.00108929048810343   0.000568614668601919
39501   0.0010942710020466   0.00173133412423543
39751   0.00108641118932946   0.00150650690218235
40001   0.00107976703128959   0.000551317238765447
40251   0.00107278914337669   0.0011730208655325
40501   0.00107224962168222   0.00125180664214808
40751   0.00106731434407388   0.000117643560576974
41001   0.00106896835710452   0.00143357446048908
41251   0.00106394590171596   0.000922668538718918
41501   0.00106112671889675   0.00114712180884191
41751   0.00106207621807607   0.000413299346700424
42001   0.00105358793386073   0.000341508186998962
42251   0.00105190172373658   0.000485612505980448
42501   0.00105088534374941   0.000176557452290282
42751   0.0010470790537266   0.000389149221328933
43001   0.0010372805785632   0.000658715561719703
43251   0.00103863516858142   4.65583708053607E-06
43501   0.00103484778420484   0.00107636386712551
43751   0.00103401677595809   0.000333326887301366
44001   0.00103370575421454   0.000457988858347802
44251   0.00103203535293337   0.000186891511056775
44501   0.00102316199222689   0.00163829630180301
44751   0.00102198111456526   8.59126922989617E-05
45001   0.00102172993785072   0.000376232078633909
45251   0.00101662490940282   0.00205014964032335
45501   0.00101427687756647   0.000953380798456305
45751   0.00101165944229335   0.00174036307608672
46001   0.00100685391920525   0.00259480970550663
46251   0.00100551154328762   0.000177604953785826
46501   0.000999702755492361   0.000806477731797317
46751   0.000997015172460325   0.000273426347936923
47001   0.000993715937716448   0.000496567522512703
47251   0.000993250652217484   0.000899524643296123
47501   0.000993955946002808   0.0017623401582586
47751   0.000993231113795193   0.00169646458998507
48001   0.00098930524123705   0.00199439481941155
48251   0.000980808717897689   0.000132443584220265
48501   0.00098490725023383   1.31279492560088E-05
48751   0.000978236811418353   5.05091937351709E-05
49001   0.000980213824569131   0.000122794006133686
49251   0.000973529895789288   0.00128944880582582
49501   0.000971833195324474   0.000278300257414599
49751   0.00096767122432613   0.00132970910548647
50001   0.000966941359765193   0.000168497111007748
50251   0.000963195354894619   0.00138416267726327
50501   0.000962086863259255   0.000623696823216946
50751   0.000962976662214918   0.000163105452752332
51001   0.000955392373095971   0.00196930963568065
51251   0.000954524580317506   0.000106901940636672
51501   0.000955734355008993   0.000854780178621062
51751   0.000953053206830786   0.000621001389232712
52001   0.000950151362144089   0.000588626874058917
52251   0.000945965988251208   0.000399126308315068
52501   0.000943443099914824   0.000744859443162715
52751   0.000940617133666407   0.00062984381404152
53001   0.000940633256812865   0.000658228969601438
53251   0.000933867664747399   0.000771372847631735
53501   0.000934535487290137   0.00271808802825269
53751   0.000931434304353161   0.000124224678838769
54001   0.000928084800292935   5.68489794001703E-05
54251   0.000925333705961247   0.000495763212401301
54501   0.000925140650315294   0.000995515193911722
54751   0.000921156806346992   8.48883647845966E-05
55001   0.000921118349661485   0.000512306315845201
55251   0.000917537507958787   0.000374494754667998
55501   0.000915935608705934   0.000101828988446795
55751   0.00091679831401004   0.00092951811090547
56001   0.000911393564591692   0.000833814454965442
56251   0.00091155588007037   0.00036701054474475
56501   0.000912132801388886   0.000130063071679731
56751   0.000909197338213877   0.000504871894107639
57001   0.000904395470392055   0.000883851490863341
57251   0.000904835310720815   0.00175664334355541
57501   0.000905288003577273   0.000132995506451294
57751   0.000898328006366755   0.000520146325180493
58001   0.000898377502286775   0.000571336025664171
58251   0.000895582354419154   0.0005492036993896
58501   0.000895061053658712   0.000109161224751575
58751   0.00089432992756523   0.00110926840084069
59001   0.000893632998316807   1.14845070029457E-05
59251   0.000889872110902172   0.000597413877383546
59501   0.000885167050486644   0.00088396246249911
59751   0.000884407219900646   0.00124590718055539
60001   0.000881717567652117   0.000809168266288629
60251   0.000879875423465034   0.000678252443336747
60501   0.000878376795070927   7.37432430565343E-05
60751   0.000873825892107865   0.000173473974074079
61001   0.000873783370221474   0.000695869431407869
61251   0.000872802421020025   0.001642107404912
61501   0.000872030937861165   0.000397832337257764
61751   0.000869464198644969   0.00152379414476611
62001   0.000867246788247695   0.00203726271952542
62251   0.00086640792206564   0.00155121982661899
62501   0.000861157144640475   0.000666750192915511
62751   0.000861325764326915   0.00129078292862927
63001   0.000861310275748544   0.000103080724904281
63251   0.000859106906135745   0.000130072718954044
63501   0.000856835015549831   0.000389050719259765
63751   0.000855152667602797   0.000908126640110973
64001   0.000852133541399969   0.000799103077491092
64251   0.000851619983479065   0.000252296323193124
64501   0.000853075874206198   0.000777508362802104
64751   0.000848325715737769   0.000971608341111097
65001   0.000845742371754175   0.00033301688981191
65251   0.000847286782775855   0.000653162844942989
65501   0.000843850197958701   0.000126321952673702
65751   0.000843067679296595   7.60676690092499E-05
66001   0.00083931636035675   0.000644419585421385
66251   0.00084023866104296   0.000886761846795148
66501   0.000836877087223655   0.00102965640834995
66751   0.000837994073089812   0.00121586994595835
67001   0.000836239594364375   0.000258478498752601
67251   0.000834873628029462   0.000751167996356439
67501   0.000830385094609635   6.93463732962529E-05
67751   0.000832446199347966   0.00135613343594454
68001   0.000829538829842259   0.000552678423485609
68251   0.000827601072615146   0.00106634452144005
68501   0.00082566046978595   0.00147316800816533
68751   0.000823951106651133   0.00157959824323384
69001   0.00082283731227795   0.000414382539311142
69251   0.000819031047163461   0.000279787237628226
69501   0.000817033690922711   0.000831577963791852
69751   0.000818855685264848   0.000976125299901431
70001   0.000817268217764927   0.00114587120141196
70251   0.000813054406480765   0.00090582864731481
70501   0.000811884301334164   0.000495862478702924
70751   0.000812326731484675   0.000821004041344331
71001   0.000812451428388715   0.000485803639794558
71251   0.000809188702016592   0.000739323842938955
71501   0.000807952916059093   0.000626658313446993
71751   0.000806041337743351   0.000141378861681973
72001   0.000805084310657356   0.000367573715283065
72251   0.000802773566510304   1.05345489718189E-05
72501   0.000801694458328349   0.000207820811233717
72751   0.000800204114098964   2.56503936842956E-05
73001   0.000800035732322437   0.00098537553597644
73251   0.000799269469905542   0.000287698148028426
73501   0.000797718519650364   0.000162594454605092
73751   0.000794798054697492   0.000314395554518954
74001   0.000794313028020042   0.000118948305266153
74251   0.000792074016528229   0.000279570311623623
74501   0.000790341875200378   0.000736614207106912
74751   0.00079093431343493   0.000671273060349864
75001   0.000791390606152381   0.000442995768049181
75251   0.000787844946177618   0.000165911227338333
75501   0.000787828106822255   0.00170026053767236
75751   0.000785999569518046   0.000212211302002663
76001   0.000783323451105033   0.000843987652596301
76251   0.000780379203406431   0.00146702318137448
76501   0.000782503241244791   0.00178213006123684
76751   0.000781464182630262   0.000231291906016229
77001   0.000778957400654164   0.00195511281951743
77251   0.000777463097352634   0.00128445321409476
77501   0.000776806769680622   0.00091724451953501
77751   0.000777132064456117   0.000128241079328406
78001   0.000776267380341227   0.000765919769722179
78251   0.000771426712384067   0.000989923192101783
78501   0.000769760261168968   0.000600529626085922
78751   0.000770407457726727   0.00199506266457239
79001   0.00076840463288988   0.00149156938040795
79251   0.000768624438046554   0.000204613051400182
79501   0.000768130203171911   0.00047771056036916
79751   0.000763277479120649   0.000337137922746589
80001   0.000761761105417852   0.000674415543189921
80251   0.000764535439874627   0.000319097886693598
80501   0.000760676261872143   0.000845026255306913
80751   0.000760099498048334   0.000793146455835836
81001   0.000758435149127116   0.000210081943427753
81251   0.000758801488756428   0.00012192521516019
81501   0.000756688427652445   0.00192653406713539
81751   0.000756638540160392   0.000285469799363391
82001   0.000754329049157759   9.69728195476804E-05
82251   0.00075297425080298   0.00117549391655991
82501   0.000755079085657113   0.000657042233767613
82751   0.000753081100282531   0.000833032602870709
83001   0.000750605678174714   0.000497055739547947
83251   0.000749701579151482   0.000352145427845674
83501   0.000745809218439839   7.96584752705831E-05
83751   0.000747169229060259   8.05943499384565E-05
84001   0.000745020464126945   0.000911850544085935
84251   0.000744509939463336   0.000933876594634619
84501   0.000742333000112626   0.00107423436833498
84751   0.00074331753530033   0.00075214632051912
85001   0.000740499608544345   0.000404902815357322
85251   0.000737319478095171   0.000500713073221415
85501   0.00073970766195623   4.08913912746112E-05
85751   0.000737792312679357   0.000896461511906921
86001   0.000738741128241261   6.79097910959436E-05
86251   0.000738122489223235   0.000877878005747901
86501   0.000735452947217784   0.000444996276144249
86751   0.000733034090917489   0.000697006590313798
87001   0.000730323693544427   0.000161477876414406
87251   0.000730736807737226   3.34375057483571E-05
87501   0.000730500611786414   0.00133725312666833
87751   0.000728797566706223   0.000392704104419495
88001   0.000728674598155719   0.00179166200984404
88251   0.000729228402784993   0.000696760385624051
88501   0.000724462542345517   0.000141850546028444
88751   0.000725727223727284   0.00114285367619338
89001   0.000725459118733692   0.000832111368730515
89251   0.000720849566505396   0.000572776359288318
89501   0.000723470111660265   0.000447962337592922
89751   0.000721844874365364   0.00067704746384778
90001   0.000722198058715534   0.000271558674969974
90251   0.000719034642230062   0.000641287334466001
90501   0.000718268703129541   0.000744082564176463
90751   0.000717826643866392   0.000637019508918923
91001   0.000717499515675623   0.000244663298555214
91251   0.000714699255527045   0.000408608846275693
91501   0.000712992127824705   0.000116837102503986
91751   0.000713860171988633   0.000177324977090221
92001   0.000711698052405883   1.13325351001059E-05
92251   0.000711259438615151   0.000648336124563165
92501   0.000711462950974008   8.1058763411912E-05
92751   0.000710135583097305   0.000358642799378694
93001   0.000708060295639612   0.00155785892393845
93251   0.000710874925748851   0.00140891520964714
93501   0.000706693476922073   0.000770379562091028
93751   0.000705711975603086   3.83083963068076E-05
94001   0.00070448216020606   0.00160088737121
94251   0.000701472234744864   0.000214207878860506
94501   0.000704783404965665   1.41586924172765E-05
94751   0.000702064023298762   0.000856366175219003
95001   0.000702447716194847   0.000359181515322993
95251   0.000700413173312909   0.000271424627652395
95501   0.000698936960912871   0.000415867317802521
95751   0.000697776956432066   0.000258297523789142
96001   0.000697394212416542   0.000422399295968767
96251   0.000695918903266026   0.000697189837874812
96501   0.000695304992425499   0.000225279017752156
96751   0.000694286130715495   0.000410766156225151
97001   0.000694367193079284   0.000413726884602283
97251   0.000691990463885665   0.000299704633851428
97501   0.000694028984302385   0.000205877776672803
97751   0.000689296594391249   0.000779011037460697
98001   0.00068918568769626   0.00168903223000305
98251   0.000689331678384372   0.000295344868969427
98501   0.000687905108574745   0.00036495357826638
98751   0.000686496956901201   9.75837473022878E-05
99001   0.000686169701377083   4.2431763607409E-05
99251   0.00068402116577816   0.000668821793144425
99501   0.000684571389344932   0.000845928428211518
99751   0.000684620903006237   0.000881342632082727


1   0.299717894995149   0.137134890050765
251   0.0247709352618162   0.0122479261498126
501   0.00320166857047843   0.00856204996992005
751   0.00711556076790421   0.00616477891372635
1001   0.00962602861495909   0.00428811252286265
1251   0.00425107863700314   0.000211972835396312
1501   0.012866590409521   0.00158283603126463
1751   0.00060884747379375   0.00991156513917657
2001   0.000168469844685881   0.000993501182970591
2251   0.0120848673681858   0.00671902114358647
2501   0.00241782772916943   0.0037059466828081
2751   0.00167383206851812   0.00216337486034446
3001   0.0023771779599332   0.000415557776364261
3251   0.00239635222867818   0.00261681429689364
3501   0.00648748428247758   0.00532054585427066
3751   0.00283079370736805   0.00326101940120482
4001   0.0129704391270199   0.00448607176421556
4251   0.00554895740278405   0.00223982121322186
4501   0.00171635380969537   0.00283001679434347
4751   0.00210454578964014   0.00151174332321602
5001   0.00631477632212096   0.00211909075006977
5251   0.00304100908212024   8.53317229406736E-05
5501   0.0029021186896907   0.00424937802569769
5751   0.0024364507295892   0.00393714800625022
6001   0.00209594701702021   0.000910344083162262
6251   0.00201390323218309   0.00027974602795855
6501   0.000297956956579415   0.00283132024191646
6751   0.00715168393491628   0.00101108857363541
7001   0.00168799367476991   0.00299950935349436
7251   0.00238752306056222   0.00165926982309406
7501   0.00315062577051017   0.00142681665610178
7751   0.00232459455655376   0.00316068552336879
8001   0.000633075219872437   0.00420567192304044
8251   0.00471621644666509   0.00151221697706483
8501   0.000247851147581413   0.00082886952204908
8751   0.00460500008486464   0.00238367673758444
9001   0.000419048705148306   0.00405556306777688
9251   0.00121566034635712   0.000875898185058732
9501   5.3450044317116E-05   0.00145927859644857
9751   0.000155594133062875   0.00200231059920841
10001   0.00268881580630154   0.00113237618628559
10251   0.00367149581798343   0.00340977098660322
10501   0.00300007104721145   0.00354254819608646
10751   0.000398015032786136   0.00293899854105861
11001   0.000677476710776892   0.00326106758657629
11251   0.00225210597207437   0.00077414112160612
11501   0.00226566240309156   0.000916604351445804
11751   0.0066110535522258   0.00261848192832037
12001   0.00142532920444927   0.00151944511370283
12251   0.00144441139270146   0.0010970654255763
12501   0.00217281456250307   0.00156100557786309
12751   0.00112190901615206   0.00171495075404449
13001   0.00463027635451529   0.00286858620771668
13251   0.00164777721350717   0.00194354047781875
13501   0.00242693562551777   0.00260099738697039
13751   0.00107188996487684   0.00167731636379043
14001   0.000971744846045786   0.0027126149693607
14251   0.000130885530505442   0.000140031754874204
14501   0.00205792378566161   0.0021705206602286
14751   0.00233031311440091   0.00264534235445268
15001   0.00345309067111965   0.00134835288445534
15251   0.00135098089500585   0.00113719590563854
15501   0.000447783120218093   6.87417918183719E-05
15751   0.0022672661643468   0.00239191867227206
16001   0.00185514602487957   0.00214243505422851
16251   0.000742185541461327   0.000696919936812979
16501   0.00299417696863769   8.20290347398611E-05
16751   0.000453746852227543   0.00136794767156279
17001   0.000725718023819377   0.00154913563202219
17251   0.00161226564076733   0.00350931170654534
17501   0.000171224325919761   0.000220617047966387
17751   0.000248686728176906   0.00132515027495084
18001   0.000582180166759594   0.00165660657371047
18251   0.00232508737531401   0.00113163336136612
18501   0.000878486738933093   0.00269357088945543
18751   0.00078944536317449   0.00244130314313562
19001   0.000344566440538707   0.00177432702814972
19251   0.000545870892791567   3.42564577082705E-05
19501   0.00139435615672945   0.00182843773704189
19751   0.000748006319873928   0.00116896495760022
20001   0.000741866370979727   0.00246100965440899
20251   0.000933902933220154   0.000576850522125416
20501   0.00372665796556881   0.00154087074077869
20751   0.00307988718900154   0.00111053289585039
21001   0.00206267222408441   0.000328340089989498
21251   0.00164302038297715   0.00198863911033054
21501   0.00328842136467722   0.001826618566519
21751   0.00222149308533703   0.00141250515404945
22001   0.000286873117042119   0.000300124688267234
22251   0.00243659543254549   0.000366308465607923
22501   2.58047706741538E-05   0.00108776167724822
22751   0.00216934632501664   0.00123855975473486
23001   0.000749259099882438   0.000406521889870781
23251   0.00323036483343075   0.000714172544743596
23501   0.00093602117625935   0.0016579924379303
23751   0.00130292666588439   0.000377703561405429
24001   0.00265499939831815   0.000621129853097813
24251   0.00241520537148487   0.00104566404626327
24501   0.0029518598743824   0.0010971216715715
24751   0.00137402208055515   0.00196271886875143
25001   0.00138336421207963   0.00193208980508874
25251   0.00361060779290068   0.00113031897513782
25501   0.0018179020988055   0.000288485153851714
25751   0.00188579297515523   0.00155629656131417
26001   0.000862813809412222   0.00197139466520257
26251   0.00124818056721443   0.000582519955546701
26501   0.000540679291033408   0.00065674056964582
26751   0.00250446486835565   0.000419641201738208
27001   0.00196145147351212   0.000188755472585123
27251   0.000961995089950318   0.00160124503822545
27501   0.00152675720853057   6.88952757613714E-05
27751   0.00149091359831788   0.000745902792817943
28001   0.00105360771292828   0.000842155733127292
28251   0.00139133515076162   0.0010034663701286
28501   0.00109227526941102   0.00217328534919459
28751   0.00133701863974622   0.00112559262579892
29001   0.000768491197183807   0.000564183443619859
29251   0.00127049415799751   0.000387567818126655
29501   0.00153249926396926   0.000301569012429614
29751   0.000161941465521509   0.000113734932100096
30001   0.00146339789175154   0.000811252275865315
30251   0.000196325224017579   0.000514184043959087
30501   0.000927630615882746   0.00174677052848926
30751   0.00165224061618641   0.00145597927010277
31001   0.00232763757802512   0.00095710621452294
31251   0.00153839455583382   0.000789442195706203
31501   0.00306077595558985   0.00105505982999987
31751   0.000637915425402369   0.000968460757854728
32001   0.00178931480260969   0.000932693680369079
32251   0.000422093214996977   0.000604664597619764
32501   0.0024410246367812   0.000444994745251837
32751   0.00321801804693256   0.000434623145054269
33001   0.00103352744222651   0.00124097561927339
33251   0.000705806964962918   0.00252583223615599
33501   0.000388819125856532   0.000495224776042802
33751   0.000970093070331357   0.000306106417713892
34001   0.00198425359193199   0.000960038014999109
34251   0.000163053144492387   0.00137804493927107
34501   0.00115975821529668   0.000136121949581902
34751   0.000381476194964425   0.00108618982658981
35001   0.00555630988121936   0.000208308060056117
35251   0.00257813022968811   0.000244749074935879
35501   0.00101516252647293   0.000552314963487621
35751   0.00172718911453817   0.000919755257102861
36001   0.00079274432826637   0.00177587649305488
36251   0.00183733939199171   0.000980840509903769
36501   0.0030608353882996   0.000225981805654252
36751   0.000966701450936247   0.000130230852677049
37001   0.00102377955060284   0.000843078259381014
37251   1.53294453156816E-05   0.000539716332786599
37501   0.0012644664647794   0.00100628433909122
37751   0.000570075209048726   0.00224370043621136
38001   0.000208689086670488   0.00080718595361029
38251   0.000809486415236704   0.00236387134199023
38501   0.00025872929184767   0.00199938403518041
38751   0.00240313157278182   0.000385729468484142
39001   0.00185294972624195   0.000763968142455385
39251   0.0023498038104327   0.000678088128524768
39501   0.000185896585952472   0.00142153744331619
39751   0.00153877584422812   0.000485842934487279
40001   0.00148558499197315   0.000280653205898096
40251   0.00279111906561547   0.000346213196896539
40501   0.0041624413159469   0.000582887904476581
40751   0.00134804979243286   0.000106253952800728
41001   0.000259483748236033   0.000599026148643045
41251   0.00177365522922923   0.000282915985843735
41501   0.000333420492245273   0.000729825507753912
41751   0.00170543144956237   0.0024469080068179
42001   0.00104820420532015   0.00090894375854722
42251   0.00195456453299625   0.000420380389214992
42501   0.00279125083137322   0.000611425908069951
42751   0.00077047857685375   0.000358763540887819
43001   0.000631961205866616   0.000510887917719804
43251   0.000539334941479064   0.000347834859148688
43501   0.000844827886013033   0.000259094052822428
43751   0.00309561948768555   0.00201651721086249
44001   0.000463335526053044   0.000414564851310084
44251   0.000230608654301023   0.0013513746666326
44501   0.00140638468275422   0.000608454162655647
44751   0.00169061368039258   0.000626429146326823
45001   0.0009002627409751   0.000221085970177781
45251   0.00142045403004298   0.000944854625366975
45501   0.00116276064903165   0.00195009601544283
45751   0.00102819037798851   0.00142512917164439
46001   0.00110156979100595   0.00105584058059582
46251   0.000139482318498474   0.000120683895541096
46501   0.000621980167950231   0.000153618905428532
46751   0.000899218071893193   0.00124820051070562
47001   0.000258850573567782   0.000161106630029995
47251   0.00247496377035139   0.00162080936129472
47501   0.00292483781510788   0.0002973880360293
47751   0.00397038460332022   0.000196667407636575
48001   0.00129605433776336   0.00050185464057273
48251   0.000585427488420498   0.000858421250009567
48501   0.00203082422773848   0.000584511524744702
48751   0.000332100641958211   9.3436075296327E-05
49001   0.00325081819577677   0.000213844713805589
49251   0.00112878318919141   0.00083610278229751
49501   0.000847784423785081   0.000459953777944055
49751   0.00102701358338986   0.00125095766203209
50001   0.000769287294460574   0.000283254786555887
50251   0.000666725997922168   0.000466914875182245
50501   0.00102552325644956   0.000431022258214009
50751   0.00158171024309561   8.02725695201456E-05
51001   0.00114497447546014   0.000255265786329062
51251   0.000318171614070883   0.00131098788276862
51501   0.000915608137489921   4.76202848439522E-05
51751   0.00140180640971455   0.000404525934874611
52001   0.000218907417906311   0.00015470465375178
52251   0.000518966221601858   0.000672384462952591
52501   0.000566022091214813   0.000467129859258009
52751   0.000157195814751931   0.000450574818059324
53001   0.000582878809847864   0.00105753060911662
53251   0.00159601718184499   0.00132871331340756
53501   0.000467191174490456   0.000484735642759859
53751   0.00150179298208397   0.00172776275506981
54001   0.00242967829542917   6.63994347622765E-05
54251   0.00205477368959828   2.88032783871683E-05
54501   0.00243440608784851   0.000573278700759405
54751   4.6708897349812E-05   0.00020734781120757
55001   0.000705843901063208   7.28363116219155E-05
55251   0.00167037077656218   0.00102583704085779
55501   0.0004901932676874   0.000723173490544959
55751   7.68650935232262E-05   0.00155613381725583
56001   0.00172823490199758   0.00132636596774938
56251   0.00164925723320752   0.000966791602533879
56501   0.00174040987347635   0.00162445746616069
56751   0.00168881127771459   0.000224832995768476
57001   0.00215883195916533   0.00019973447290722
57251   0.000649187321891898   0.000795639002545867
57501   0.000554856636992285   0.00150079157737959
57751   0.001870864841367   0.000734547171892252
58001   0.000778917402061818   0.000904900199766745
58251   0.00143043063470749   4.14252780106539E-05
58501   2.97986722334054E-05   0.00105585885893966
58751   0.00102979870874276   0.00113049907500218
59001   0.0011300285949547   0.000666076140850791
59251   6.97608233706237E-05   0.000798185843844834
59501   0.00155303857053268   0.00192282907297148
59751   0.00142409960895851   0.000762476375774979
60001   0.000113056294741454   0.000683622466562395
60251   0.000132539188544945   0.000162198797421853
60501   0.000207585611636363   0.000757517881583292
60751   0.00116797316052308   0.00124800038564721
61001   0.000330649664265104   0.00101599482109638
61251   0.000729147645438744   0.000438439950924074
61501   0.00160793345893995   0.000231105096019646
61751   0.000787255919999397   0.00014357372770335
62001   0.00058249885475814   0.000730972191042012
62251   0.00121741337200965   0.00168655180983024
62501   0.000659782047312762   0.000273231702033971
62751   0.000108597096197816   0.00226109671736019
63001   0.000230068315786758   0.000105309983986945
63251   0.000449769896912922   0.00121655073673144
63501   0.00158706839434297   0.000841255331258339
63751   0.000533038608988901   0.000361924501864341
64001   1.8289159906093E-05   0.000434077054243476
64251   0.000112084399801038   0.000696360946293773
64501   0.000356817387289321   9.55229364104637E-05
64751   0.000460606604423597   0.00143725102496661
65001   2.66285700931679E-05   0.000296915882176174
65251   0.000788695358516223   0.000593318805936827
65501   0.00117679197631948   4.5359256012234E-05
65751   0.00087235850261258   0.00019190096845545
66001   0.00104337393328424   0.000774931427899084
66251   0.000308689358918812   0.000606471633993411
66501   0.000642180485505905   3.41684577057633E-05
66751   0.000812841322574531   2.90465107470883E-05
67001   0.000909587777556453   0.00027013733684067
67251   0.00039984798533399   0.000825075371412631
67501   0.0016551179808163   0.000474490152936213
67751   0.00325265227784144   0.000236588012720196
68001   0.000614198760437001   0.000671364089215531
68251   0.000154252801550903   0.000359383401382751
68501   0.00297259664584615   0.0010736300430646
68751   0.000321010381921338   0.000780762191285644
69001   0.00180746925575248   0.000182998044663929
69251   0.00135645967501352   8.00567669307917E-05
69501   6.9943266189143E-05   0.000240849889646677
69751   0.000499863512473997   0.000810063966720564
70001   0.000671220398160477   0.000261541785980257
70251   2.03359159334227E-06   0.000930522165343062
70501   0.00070431715542385   0.000262366807063152
70751   0.00066660953783404   0.00132503806403472
71001   0.00136785520578098   0.0010430300664237
71251   0.000552890152479057   0.00127316604978189
71501   0.000254304538670591   0.000160933376637584
71751   0.000202342334862271   0.00035691006974925
72001   1.91264216046205E-05   9.23584176933945E-05
72251   0.000283729762057372   0.000725300548588326
72501   0.00116407761003212   0.000451295813070574
72751   0.000759863490163437   0.000224796108021064
73001   0.000267349970134667   0.00072555232872451
73251   4.64223805993758E-05   1.52874257085545E-05
73501   0.00124051041558004   0.000198577641850828
73751   0.000132422536868071   0.00195847545710681
74001   0.00100252846817583   0.000523061067141728
74251   0.00163847206077161   0.00080285500246402
74501   8.44152230516926E-06   0.00065843759867712
74751   0.00157864401294905   0.00168792641578874
75001   0.00104617223675607   0.000202225028851921
75251   0.000667156958915394   0.00147081349347589
75501   0.00011480384492879   0.00073887250933069
75751   0.00155270875646751   0.0018758019213202
76001   0.00152773752297453   0.000678885058314704
76251   0.0013703520356807   0.000479308470737072
76501   0.000352732090382668   7.52253685442072E-05
76751   0.00127446475267179   0.00104603757550947
77001   0.000210235154140759   0.0012455685567142
77251   0.000612107566511866   0.000861361130460869
77501   0.00115124711765136   0.000423583350442014
77751   0.000397686317803125   0.000858633606323989
78001   0.000947190779068463   0.000224974689290502
78251   0.00217687165757385   0.000263645636621401
78501   3.11249410134273E-06   0.000615421931633886
78751   0.000294142198025038   0.000348839913167254
79001   0.00115001838460183   0.000589493843275779
79251   0.00105496644411074   0.00129002435011594
79501   0.000451338918345034   0.000178440864979756
79751   0.00110366153136587   0.000410534120813266
80001   0.000818890513208048   7.08337053482166E-05
80251   5.76887709146101E-05   0.00063167472452319
80501   0.000721429770623172   0.000765456571861445
80751   0.00125383473692542   0.00026342606340235
81001   0.00283860417099757   0.00104046472228514
81251   0.00137954172142152   0.000844174552886434
81501   0.000923477379424109   0.000963751586478656
81751   0.000934682459094338   0.000149546724170335
82001   0.000667878899810237   0.00012503672088704
82251   0.000259985288400322   0.000283278052453317
82501   0.00041476076273439   0.000625346751242484
82751   0.00231728640444551   0.000699819897292064
83001   0.000816437093823619   0.000398290114831168
83251   0.000368403646243687   0.000603705743464023
83501   8.07244994969203E-05   0.000754887162821238
83751   0.000398824653391916   0.000795083562644905
84001   0.00177170450566733   0.000266344689726639
84251   0.00130330244623622   0.000517845789836935
84501   0.00113003990028171   0.000802272291446582
84751   0.000124165943636734   0.00111894165175885
85001   0.000524988391183423   0.00138867114616414
85251   0.00126107892073368   0.00156487193457355
85501   5.34957241282719E-07   0.000366570475726302
85751   0.00140397860152242   6.99767568956844E-05
86001   0.000240971390032985   5.07507753995107E-05
86251   0.00141550683672498   0.000373700674531574
86501   0.000927988595797347   0.0004371849071656
86751   0.000803634037061518   0.000825001572930972
87001   0.000780649316792226   2.04607997315032E-05
87251   0.000452965205688716   0.000945609331314379
87501   0.00202650233804791   0.000434400135557289
87751   0.00110369629672102   0.0015411783143976
88001   0.000411237431604539   0.000335182706290293
88251   0.000520498274391157   0.00114603456928564
88501   2.27520871320941E-05   0.000450456406829058
88751   0.00128354475681058   0.000718969615180809
89001   0.000217163415460409   4.00205587922642E-05
89251   7.81315537080607E-05   7.68857494966024E-05
89501   0.00125983093055482   0.000446268343036516
89751   0.000363641250092694   0.00122306036694242
90001   0.000608097402964969   0.000170591423107269
90251   0.000592374524484685   0.0010552528739779
90501   0.000753948291672857   0.000156314186990247
90751   0.000719165432025437   0.000821148956036244
91001   0.000452991590581653   9.4536656958244E-06
91251   0.000837191210535715   2.47269169771913E-05
91501   0.00137614150755361   0.000555956293834203
91751   0.00082396254011563   0.000416782079701639
92001   0.00017688239867697   0.000587197638977854
92251   0.000702491044398346   0.000858806794741707
92501   0.0009328570861874   3.61717063418476E-05
92751   4.27283575571424E-05   0.000159566375225406
93001   0.00115381119064328   0.00039432698448183
93251   0.000106298564402141   5.45847486232987E-05
93501   0.00150559870795341   0.000677863733377637
93751   0.000599412178975633   0.000354096422923056
94001   5.12156661718333E-05   0.000221061841182757
94251   0.00139241682894009   0.000977973113964858
94501   1.37820320197379E-05   8.82654438130182E-05
94751   0.00140178126859791   0.00100461781831862
95001   0.00210303334656703   0.000920420697634539
95251   0.000449443827817642   0.000449722123667784
95501   0.0003826740751669   0.000308536672111837
95751   3.12360942915646E-05   0.00132724244457194
96001   0.00116227513225042   1.22444700023649E-06
96251   0.00085376653823821   6.57648845289183E-05
96501   0.00200527777416271   0.000367970853171973
96751   0.000122628778960854   0.00095354027551442
97001   0.000395250904726807   0.000591306136644487
97251   0.000755148119285232   0.000223896636850851
97501   0.000622730993586562   0.00102786781661579
97751   0.00141241677478587   0.000635670012577361
98001   0.000665331824822202   0.00130473675517517
98251   0.000551427576667152   0.000147739129227831
98501   0.0012620513976509   0.000681565341217438
98751   0.00108857180985433   0.000114620920248276
99001   0.00050572759936085   0.000309981456529385
99251   0.00142450125931315   0.000964028694857677
99501   0.00206870834614847   0.000176255342513976
99751   0.000287827456875056   0.000475504120408199
