1   0   0.0584899058832932
251   0.00683978609221813   0.00176608750260099
501   0.00548341238760011   0.0045205995124552
751   0.00509253816533594   0.00500155444389938
1001   0.0038658320403465   0.00537530882845438
1251   0.00236972309242424   0.00281553677589785
1501   0.00172299989208032   0.00108588588423231
1751   0.00171619352014229   0.000963528485911413
2001   0.00303439756891852   4.02790015251453E-05
2251   0.000975300395518515   0.000462930204845002
2501   0.0012603443015718   0.000391643324845314
2751   0.00240821286161639   0.00209564431207265
3001   0.000984438632020485   0.00211945144732317
3251   0.00120583828234311   0.000245400739861901
3501   0.00121635394593959   0.000544442884633956
3751   0.00190687010402077   0.000796046820309981
4001   0.00101758599464643   0.00121676620632372
4251   0.000751686669452672   0.00331589992203207
4501   0.000696199086384353   0.00129228911367363
4751   0.00106718885310129   3.49574908327099E-05
5001   0.000807185735675626   0.000266900231250533
5251   0.000479366175615089   0.00194367528851225
5501   0.000546921060001949   0.000578793650840015
5751   0.000985512040983999   0.000100351731670667
6001   0.000403194207031799   0.000572230182928957
6251   0.000667334074549605   0.000593346493632185
6501   0.000460666310823108   0.000660783620993532
6751   0.000438325065282126   0.00023197369058614
7001   0.000433722045545316   0.00129474575401212
7251   0.000395206714245079   0.000383496150916707
7501   0.000606812877440382   0.0012050453784308
7751   0.000395109312758309   0.000201030850045192
8001   0.000356961316707725   8.63524561212081E-05
8251   0.000409710349606733   0.000745935549207544
8501   0.000443200097444302   0.000444119442739255
8751   0.000742700086985002   0.000182265259908609
9001   0.000401590292223136   0.000206102656362783
9251   0.000337635782068626   0.000710743365137101
9501   0.0003771502785702   0.000410124554925173
9751   0.000432225449010229   0.000169229318860431
10001   0.000379766489916071   0.000137840868564276
10251   0.000465062990859601   0.00106961921228421
10501   0.000309066682980809   0.000827071350719133
10751   0.000294760636554409   0.000826537884312861
11001   0.000319245025355591   0.000181060228974572
11251   0.000392534558213416   8.71977883536434E-05
11501   0.000402547229931461   0.000325923217157298
11751   0.000294141408126716   0.000311766901502364
12001   0.000424146128154758   0.000498807739859664
12251   0.000319184359275072   0.000253293344044003
12501   0.000303006798087068   3.48472287070578E-05
12751   0.000306580476536592   0.000147733831926455
13001   0.00035903734858626   0.000603026617909785
13251   0.000336485477616902   2.41531414498786E-05
13501   0.000442706184151028   0.000326653965161294
13751   0.000298595922929788   0.000445245807997208
14001   0.000300284436660407   0.00015926397440047
14251   0.000261992074170482   0.000125135264570031
14501   0.000279466985334006   0.000134707828973291
14751   0.000276614361169557   0.000206114282509051
15001   0.000309327961685631   0.000399915314791222
15251   0.000243377308638303   0.00116215507641504
15501   0.000251972756696776   6.54657939818115E-05
15751   0.000195739621965638   0.000412674281613068
16001   0.000318720819176258   0.000462000561140097
16251   0.00022779588360751   0.00143720107724177
16501   0.000209597184255142   0.000836142593421907
16751   0.000194510690010053   9.68502115629155E-05
17001   0.000219060608871617   0.00065519934094227
17251   0.000263753784230843   0.000375510118683642
17501   0.000212189712801654   0.000260333488599218
17751   0.000173469864804627   0.000152347709677758
18001   0.000228071029308257   0.000367682180777984
18251   0.000302475385475075   0.000271863175952514
18501   0.000353797780592796   0.000221022402610793
18751   0.000406707525158712   0.000178514142865849
19001   0.000208666656156867   0.000375461243015462
19251   0.000242339305551389   0.000105378076510787
19501   0.000237262144271185   0.000154581796064868
19751   0.000220615848468382   0.000292657856348355
20001   0.000197788198922709   0.000394873074575863
20251   0.000192274949527437   0.000192811970907703
20501   0.000322960385430597   0.000325589976605034
20751   0.000266043181418332   0.000176480545414415
21001   0.000224435506247022   0.0002247827105607
21251   0.00032942751469928   0.00035044366230641
21501   0.000169408519106153   0.000134826056337967
21751   0.000170509909194576   0.000120485774592338
22001   0.000188365074342498   0.000126732384629125
22251   0.000212947933857714   0.000126687241351564
22501   0.000169793149102728   0.000188698757813577
22751   0.000167066081549886   0.000427556936429263
23001   0.000169860874407856   0.000110290459783946
23251   0.000228291516103865   0.000146267145853529
23501   0.000180276204190122   0.000361955718419016
23751   0.000158282239777276   1.31118528038376E-05
24001   0.000156968147911079   0.000376939387631725
24251   0.000174809003032476   8.35243395453933E-05
24501   0.000209288265990239   9.42574265421214E-05
24751   0.000248255269867063   0.000292182453197287
25001   0.000221097752124725   0.000315842796983268
25251   0.000288168519533358   0.000326007720744426
25501   0.000255505827749966   0.000114147706637868
25751   0.0001265314715954   5.27188162199321E-05
26001   0.000157666800763967   4.95505785705896E-05
26251   0.000187413402558242   7.15884573161407E-05
26501   0.000125147448306917   0.00022873554771996
26751   0.000223561380544358   0.000101217769135964
27001   0.000185570075724132   8.6716752490168E-05
27251   0.000190595366047834   0.000224873044487484
27501   0.000241064943406535   0.000182924110175953
27751   0.000112332967188067   0.000132425912025558
28001   0.000179796893571534   0.000132717211392852
28251   0.000192460672694817   0.000392433744971998
28501   0.000184453317503074   0.00022215500616829
28751   0.000164048263123056   2.98577290150925E-05
29001   0.000179480620215819   4.30326731142294E-05
29251   0.000315466345438   0.00029184170285923
29501   0.000134163118299887   0.000350978311811523
29751   0.000200197590789481   0.000151113740453179
30001   0.000130997580403445   4.57126196683477E-05
30251   0.000162772152740604   9.571963199273E-05
30501   0.000145393937232476   5.60292891791381E-05
30751   0.000132632483767494   0.00030487283236047
31001   0.000103053480714929   0.00031805886877978
31251   0.00012600118463716   5.52319494089293E-05
31501   0.000134895464872998   0.000104496815924615
31751   0.000114789705578907   0.000262833263970252
32001   0.000115498209561326   2.75625494793319E-05
32251   0.000149742142153504   0.000135300405454841
32501   0.000209851564028901   0.000605414600719834
32751   0.00011403527316198   0.000267153182283764
33001   0.00012165986225579   0.000264352488084318
33251   0.000110296224965354   9.95751055353766E-05
33501   0.000219196491465783   0.000322897353990714
33751   0.000184630930510595   0.000135561056896383
34001   0.00011125180079757   0.000201023110463772
34251   0.000164352242137604   0.000297113652421688
34501   0.0001231981805869   5.39378988446693E-05
34751   0.000164557038227567   0.000322865303432063
35001   0.000132379906734655   0.000288072673533812
35251   0.000219651651210812   0.000232418804299583
35501   0.000190251667127994   3.61998478018988E-05
35751   0.000120826744051871   0.00013033142789376
36001   0.000218881503241075   0.000206182094816598
36251   0.000114743764442465   0.000259511239522614
36501   0.000151209028473152   0.000153523974522618
36751   0.000115862355058838   9.81004912593564E-05
37001   0.000141536184792121   8.52903481483036E-05
37251   0.000104500805689408   0.00018421195895757
37501   0.000108060477064042   1.51733957441946E-05
37751   0.000116456117988383   7.01081806877557E-05
38001   0.000115681318336417   0.000304624433196565
38251   0.0001128840823779   0.000184620016294046
38501   0.000132845158867985   0.000169148524270191
38751   0.00013832990578322   6.62312791277486E-08
39001   0.000162329502362735   1.73812638815107E-05
39251   0.000125345870486602   0.000203365611692319
39501   0.000112494347440632   8.59078367939636E-05
39751   0.000110894093488329   7.38380779856662E-05
40001   0.000155220620632573   3.79750708299209E-05
40251   0.000129783754111566   8.7007579819276E-05
40501   8.92842395601796E-05   0.000132249909567395
40751   0.000112954493434411   8.03877649852014E-05
41001   0.000123716867003024   0.000131365732090161
41251   8.93588676043875E-05   6.7241406019436E-05
41501   0.000104063240439523   0.0001233245551161
41751   0.000141455541291216   0.000115174841434418
42001   0.000100974357720445   3.91491182959447E-05
42251   0.00010513329003661   3.02980832561639E-05
42501   0.000123829746756156   3.95112029271116E-05
42751   9.6400987921645E-05   0.000111832314820814
43001   0.000138486484693569   0.000258823394987284
43251   0.000102444883457608   0.000334450289137367
43501   0.000125373852859247   0.000286638882260548
43751   8.69034129135278E-05   0.000102733300339719
44001   0.000111607112845222   3.18669737925381E-05
44251   8.2837982589306E-05   3.30736654793329E-05
44501   9.3066836485795E-05   1.17694250068023E-06
44751   0.000147189391288481   0.000254010715095565
45001   0.000155899554231766   5.01081732765529E-05
45251   8.83163394665147E-05   2.75443846543544E-05
45501   8.70229683534281E-05   6.52640792395687E-05
45751   0.000111964804800634   5.09962048410584E-05
46001   0.000110004415409645   0.000156794059673948
46251   9.96189516540436E-05   4.903043409199E-05
46501   7.41342537433377E-05   0.000124984926033522
46751   0.000116488857524027   0.000202856424028397
47001   8.82341435629794E-05   0.000127022089226103
47251   9.17549583563506E-05   0.000100432100799686
47501   8.6914455684985E-05   0.000113758537862663
47751   8.36094740417899E-05   0.000127415495294048
48001   7.95999507529722E-05   5.37490332874757E-05
48251   7.6927465019163E-05   0.000225380341598025
48501   9.66333148012598E-05   0.000343523965235182
48751   8.81042191113283E-05   0.00016777784459443
49001   0.000107161407152626   9.03992241987339E-05
49251   0.000105869779817893   6.9747810371501E-05
49501   8.17948040881417E-05   0.000162991521464706
49751   0.000106817096192074   6.82713674571289E-05
50001   0.000143202554773289   3.11808789442702E-05
50251   9.3643655518862E-05   3.13355699234075E-05
50501   0.000111124771862089   3.24575757645329E-05
50751   8.56334108861277E-05   8.89229638976197E-05
51001   8.08614065244171E-05   7.8442327423045E-05
51251   0.000106368731120727   0.00053601749354748
51501   8.07973101909884E-05   9.16075358884383E-05
51751   7.73511128243306E-05   0.00017318698881863
52001   8.47188365245975E-05   0.00040642324439466
52251   7.6002338664863E-05   0.000142091669681377
52501   7.52677596759028E-05   0.000232416463952667
52751   0.000101415636488028   2.83975317055818E-05
53001   9.37822745214012E-05   6.0747228861513E-05
53251   0.000103147370848208   0.000305284292173247
53501   0.000127402869636873   0.000133825678350963
53751   6.26396438184881E-05   9.91842872645199E-05
54001   9.96766466507353E-05   3.81096666215441E-05
54251   6.91532916774415E-05   4.37547786921177E-05
54501   0.000132955098197946   0.000166183793988917
54751   8.72864209578314E-05   5.05990018830893E-05
55001   7.31570482691589E-05   0.000478251134799712
55251   9.02548511858869E-05   4.14210980625995E-07
55501   6.97570575514922E-05   3.58430022995293E-05
55751   8.06363885266242E-05   4.41054499333848E-05
56001   7.75257116540173E-05   0.000159162895913556
56251   7.23307952381999E-05   8.12491119794867E-06
56501   8.49630440480014E-05   0.000141131762942837
56751   0.000107796557767436   0.000193802328259163
57001   8.52593472833227E-05   0.0001372271378971
57251   9.01244789892067E-05   0.000174573820092228
57501   6.1494843239413E-05   6.61650330424646E-05
57751   9.21255231157265E-05   1.13693414248717E-05
58001   8.25414516549536E-05   0.000214756326537002
58251   6.04215261706417E-05   2.47119301353127E-05
58501   8.44952187699346E-05   1.00033587296933E-05
58751   8.21563274495591E-05   7.94446210815591E-05
59001   8.00057148728393E-05   0.00027701875536823
59251   8.38804833825393E-05   0.000155770893016105
59501   8.79983968343565E-05   0.00011390224862573
59751   8.02688566668967E-05   0.000263366767149997
60001   0.000144791845377123   7.60569809664657E-05
60251   6.85156854408914E-05   0.00019629894198403
60501   7.04616235126928E-05   3.83084192683292E-05
60751   7.12128663568898E-05   4.52704692893713E-05
61001   0.000164517396576555   4.11552815362537E-05
61251   8.12543698458625E-05   0.000122846607173543
61501   8.20679338365256E-05   2.70182902214477E-05
61751   9.63912950060745E-05   0.000201105397481194
62001   7.82311253226935E-05   0.000102373057498606
62251   0.000103792814551983   0.000112682975363598
62501   6.55893714216716E-05   4.09475529252745E-05
62751   0.00011687355801396   4.23292062524672E-05
63001   9.13240132584054E-05   7.2102485104919E-05
63251   9.4040488924721E-05   8.35966892485107E-05
63501   8.84408126554419E-05   4.56408100341088E-05
63751   9.06999176988151E-05   5.10919085610073E-05
64001   7.73767457138642E-05   7.92570010231808E-05
64251   6.11260182794238E-05   4.73715242678141E-05
64501   0.00013930189308833   1.80164144558681E-05
64751   6.08067621057994E-05   9.33837715514363E-05
65001   9.97381296755187E-05   0.000131547126627329
65251   8.62061238808943E-05   0.000110066535640052
65501   7.21728871515963E-05   5.91279771332553E-05
65751   9.31570005743906E-05   4.28174889399724E-06
66001   8.94859260476244E-05   0.000118288519321386
66251   6.30923249477461E-05   1.68407999515674E-05
66501   5.35706984720304E-05   4.13481649467196E-05
66751   6.99012755650492E-05   9.94356968647692E-05
67001   8.20001051174469E-05   0.000111189628190234
67251   7.24061958864445E-05   5.15757802166394E-05
67501   7.56346813285243E-05   6.29293689811128E-05
67751   6.92057293616313E-05   2.40623857740152E-05
68001   7.78716729464795E-05   2.52953675289325E-05
68251   7.92324167729216E-05   0.00017955502335476
68501   0.000142892518893706   1.63932957962798E-05
68751   5.83712347946017E-05   9.66893222670295E-05
69001   0.000139590925590612   4.69954131696593E-05
69251   7.78188616258858E-05   5.07530393356603E-06
69501   6.19192513338077E-05   1.53777127782639E-05
69751   5.42050763610561E-05   3.49516632296432E-05
70001   7.85891963382187E-05   3.93799802381745E-05
70251   7.68339294232876E-05   0.000184702993314079
70501   0.000115003556868608   0.000103305507394347
70751   8.41421855429697E-05   0.000221989080782303
71001   7.07185773163347E-05   1.25288040897509E-06
71251   8.55316745522666E-05   0.000129125538906427
71501   5.23928611284786E-05   3.78668980789421E-05
71751   0.000105746537742651   5.58409630092571E-05
72001   7.11077090557893E-05   0.000200855675672518
72251   5.30937166923574E-05   0.000116244436583979
72501   6.74335403070765E-05   0.000269627294618879
72751   7.81511266262805E-05   2.36599807558191E-05
73001   6.7318536024189E-05   6.13290147444268E-06
73251   0.000125891298069123   0.000218957590183866
73501   5.66281347677853E-05   7.64333430997022E-05
73751   6.37015086644452E-05   8.59179623213802E-06
74001   5.75136691884506E-05   2.02671848026359E-06
74251   0.000121619591738545   0.000154157051189596
74501   9.08058508922601E-05   7.33599149144171E-05
74751   0.000212585559954631   3.21007628997227E-05
75001   6.88624959812249E-05   3.16911376013751E-05
75251   6.64630969966655E-05   5.4493624019325E-05
75501   8.57172796285408E-05   2.84326431345683E-05
75751   7.8537348721916E-05   0.000142343596849392
76001   7.0640001622418E-05   2.8365963909982E-06
76251   4.85631313036209E-05   6.03523081317281E-05
76501   7.46590679212504E-05   4.87588387565463E-06
76751   9.22957484061582E-05   0.000118257744839756
77001   6.62978818227106E-05   0.000159024070602087
77251   5.31448731393151E-05   2.37997557787084E-05
77501   6.91566335775064E-05   4.5939926752836E-05
77751   6.22608203921031E-05   4.68539048135153E-05
78001   5.67920362357869E-05   0.000119757980349133
78251   9.92261441644189E-05   6.48768099568153E-05
78501   6.36940763503952E-05   0.000111836215158756
78751   6.14356012230101E-05   1.82726181040538E-05
79001   6.31720576233252E-05   0.000285790533421704
79251   6.4074249107013E-05   3.49981106829711E-05
79501   8.26207214411107E-05   5.31515700336049E-05
79751   8.40218205577505E-05   5.04478863053714E-05
80001   8.49538015365012E-05   4.95264179943833E-05
80251   8.27691779591442E-05   1.51460063357867E-06
80501   5.96511793537518E-05   6.75582624874993E-05
80751   6.66817616854156E-05   0.000125780111522311
81001   5.39123514479668E-05   2.27415858956581E-05
81251   5.67758139953423E-05   3.24171986196831E-05
81501   5.65394023286668E-05   0.000131426517045785
81751   5.6830732111878E-05   0.000118088169936081
82001   0.000107210075248279   2.09456582012102E-06
82251   5.26859770980602E-05   7.78219644889111E-05
82501   7.25193961386084E-05   3.15619732152994E-05
82751   7.80146723689043E-05   1.16960621772133E-05
83001   7.47431604031036E-05   3.77189883036255E-05
83251   7.72184115543454E-05   2.85726548007181E-05
83501   5.63691163106045E-05   2.77541309480211E-05
83751   5.93571924142402E-05   8.16412504323072E-06
84001   5.20742017328859E-05   8.58994952401826E-06
84251   6.27751262991019E-05   6.85484502521705E-05
84501   8.55437676824036E-05   0.000214895915925495
84751   5.65438163058341E-05   0.000123235961381085
85001   7.56746260809412E-05   9.89951182920334E-05
85251   7.71463105040694E-05   9.38979234270665E-05
85501   9.00491275156823E-05   0.000114146423760064
85751   7.22516329403812E-05   0.00012999810156844
86001   7.31127253097566E-05   0.000158565241324959
86251   5.02297723722722E-05   2.93898101783041E-05
86501   4.797740868922E-05   9.84084327465551E-05
86751   7.75414837178835E-05   2.39097016645484E-05
87001   5.66002693293669E-05   8.76199104012931E-05
87251   5.51421678166144E-05   2.28566933532237E-05
87501   4.50316033883845E-05   4.11209252947353E-05
87751   6.61991057875141E-05   6.54649789985084E-05
88001   6.52143005756163E-05   3.11817127042202E-05
88251   4.81543598785816E-05   5.16383416732102E-05
88501   4.46870371812301E-05   6.95294670219893E-05
88751   5.86742364420526E-05   0.00013358122210394
89001   5.45828809603317E-05   0.000186768630622947
89251   7.4662362937916E-05   1.49219192566719E-05
89501   5.7102076938037E-05   5.82094348180462E-05
89751   6.10193749632767E-05   6.98557957857782E-05
90001   5.69955992975671E-05   8.17494020377563E-06
90251   4.63705201175424E-05   6.57849877233607E-05
90501   5.26220601760815E-05   6.17505188349465E-06
90751   4.04336730917766E-05   7.6492010742335E-05
91001   5.41962605734373E-05   7.77298694766282E-05
91251   4.90582582787451E-05   5.70279976643828E-05
91501   4.79040790411978E-05   1.18999035310097E-05
91751   5.21254441477475E-05   9.36581824411142E-05
92001   8.0156456217808E-05   3.81619110272347E-05
92251   6.91848445955281E-05   8.61887095893188E-06
92501   6.57886273830503E-05   2.74333950368577E-05
92751   5.24594596790311E-05   9.43998278770675E-05
93001   6.79918564525257E-05   0.000128731828348716
93251   6.46766253102266E-05   3.89009554125908E-05
93501   5.10778471748657E-05   1.74757581182794E-05
93751   4.49441926128411E-05   1.02160430967002E-05
94001   9.71437629822543E-05   4.79443459918683E-05
94251   5.41224735900356E-05   4.23802274703844E-05
94501   4.68000684868247E-05   3.78560084012269E-05
94751   4.83984306103714E-05   0.000241730760048076
95001   5.36713245525573E-05   0.000186925040489339
95251   4.40396468637355E-05   1.92522204666146E-05
95501   5.01207239932749E-05   3.38468158518346E-05
95751   7.50730845537214E-05   8.66229843493604E-05
96001   7.26166777694421E-05   2.63463211150894E-05
96251   7.340471962322E-05   5.83092396522211E-06
96501   6.76867919313128E-05   3.77415113664847E-05
96751   5.760521433789E-05   4.20781269436787E-05
97001   3.91108285179681E-05   0.000145480281192767
97251   5.8707251895069E-05   1.68404714900872E-05
97501   4.29510655951783E-05   0.000101962953697909
97751   4.64452044490904E-05   8.67751537625416E-07
98001   4.09695335845468E-05   1.54121783100258E-05
98251   6.56048466457682E-05   1.40166536790609E-05
98501   0.000134373061784448   4.04318555927707E-05
98751   8.91058713184468E-05   0.000109257299190202
99001   6.79703586088078E-05   4.43844518477343E-05
99251   5.41262375767739E-05   5.4417645818261E-05
99501   4.06330531904378E-05   0.000169465100772426
99751   4.51110553125162E-05   7.08580033392803E-06
