1   0.308559030425411   0.2784071948906
251   0.00689533301934619   0.00155963174564666
501   0.00645617278719468   0.00115767303828396
751   0.0034655506184168   0.00674685320022805
1001   0.0127668729403401   0.00192664306773982
1251   0.00524169639854821   0.00733511830420652
1501   0.000900056985124409   0.00206586913857321
1751   0.00626911160126897   0.00651349035961535
2001   0.00141206188677967   0.00229653353957404
2251   0.0045716594549835   0.000554792349213407
2501   0.00502069354244816   0.000212611276371288
2751   0.00919584417625208   0.00240663413184017
3001   0.00643888484392219   0.00112543201320758
3251   0.00823435051400623   0.00210151749573706
3501   0.00503049917791365   0.00323160325065208
3751   0.00418163482837697   0.00350899725735465
4001   0.000470093885381662   7.82456823733568E-05
4251   0.00331163943424506   0.00163860295842277
4501   0.00352468659306371   0.00219385979335618
4751   0.00407479502002295   0.00271099762830107
5001   0.00653872352236751   0.00475949281169574
5251   0.00780212659937218   0.000558434483361347
5501   0.00191852550707927   0.000902797576827763
5751   0.00152993874624074   0.00309732978383992
6001   0.000979117711920385   0.00224358768776145
6251   0.00507576071443783   0.00206636228082735
6501   0.000618607005519189   0.000993561840383239
6751   0.00366404234970075   0.00281508633199301
7001   0.00292535375107783   0.00392097719231521
7251   0.000870430477167616   0.000947023732743135
7501   0.00143970473633637   0.000916832440112536
7751   0.00192026264272105   0.000322789789922617
8001   0.00107021160351506   0.000958404331051099
8251   0.00154141462052038   0.00186209063220111
8501   0.00291377368503354   0.00120267351625736
8751   0.00250170582117126   0.00190918610093116
9001   0.0014127737018913   0.00548191145425081
9251   0.001926344045317   0.00260094421599066
9501   0.00274076542758261   0.00525305631896222
9751   0.000348987943537216   0.00149112240544169
10001   0.00358286639660343   0.000400003713362684
10251   0.0051366028717178   0.00068130003563327
10501   0.00442037932730444   0.000752650220233742
10751   0.00210766430231335   0.000703431054019821
11001   0.00259980504079937   0.000672765538379472
11251   0.00342936189210696   0.00371545112655969
11501   0.00149871347288899   0.00168918403451856
11751   0.00493650549178537   0.000735561960771514
12001   0.00108638021718199   0.00056389297305115
12251   0.00176854737548671   0.00136961635242827
12501   0.00537493306675096   0.000504320337268771
12751   0.000915064082923966   0.00285108096561082
13001   0.000465827097266169   0.0018817594812226
13251   0.00263993419862252   0.00259467675887604
13501   0.0019304488612103   0.00222734441271399
13751   0.000542664612996124   0.00192213225093751
14001   0.00631563599353735   0.00126541800511382
14251   0.000880969694975531   0.00109511719605127
14501   0.00220758799720167   0.00122582541293825
14751   0.00226461861892435   8.33789748591052E-05
15001   2.30185227184654E-05   0.00212513982759532
15251   0.00126014647440942   0.00222987172509981
15501   0.000447856097032129   0.000278759148998997
15751   0.000740712245649311   0.000619101631045726
16001   0.000594896963065694   0.00210128471783144
16251   0.0023899388736891   0.000820816636963539
16501   0.00454158926945925   0.00203811533649922
16751   0.00270178865882276   2.29502671899029E-05
17001   2.86303925500775E-05   0.00128000255590477
17251   0.00120545416398266   0.00130634507691041
17501   0.00272932518889191   0.00149190409802724
17751   0.00172721728768455   9.77357572701232E-05
18001   0.00291882059679927   0.00133350590463432
18251   0.00232624311324925   0.00198851207771511
18501   0.00226023510391693   0.00127226198697272
18751   0.000753930596622099   0.000513444087008708
19001   0.00100560578123365   0.00171829230483134
19251   0.00112760710632576   0.00101401884746133
19501   0.00687455984413221   0.000497553292013952
19751   0.00252115367322026   0.000919782720264606
20001   0.00169880173352033   0.00120254419524668
20251   0.00355113682362662   0.00141445087602921
20501   0.00145477895235624   0.00247409329144055
20751   0.000157870799499249   0.000503356441218683
21001   0.000256447975604535   0.000270487195773494
21251   0.000280956842171554   0.00263110317375415
21501   0.00103285632742833   0.00442401689138505
21751   0.00217149191588939   0.00144091333484475
22001   0.00294607080794751   0.000403633352289545
22251   0.000977018031744326   0.00223402040742615
22501   0.000428156657027112   0.00154347283069001
22751   0.00226839080470431   0.00134526658938439
23001   0.00186326284317662   0.00159417939362994
23251   0.000228060392881146   0.000409718440500417
23501   0.00255419675504509   0.000228330250730324
23751   0.00209738198700404   2.28736980489863E-05
24001   0.00192860952725638   0.00189412418018819
24251   0.00144839817375819   0.00105327099781494
24501   0.000989688741921402   0.000612122839084628
24751   0.00021116802830512   2.20991914825497E-05
25001   0.00304746202587902   7.20974869019564E-05
25251   0.00157582427022118   0.00263028984986935
25501   0.00121476366890994   0.00113508567655873
25751   0.00277275845612746   0.00115066280162779
26001   0.00153246067459167   0.0001942347234688
26251   0.000927685473525397   0.00306075006301432
26501   0.0016471922118183   5.96571422266656E-05
26751   4.92559611969812E-05   0.0007359730529366
27001   0.00354311036008548   0.000736911339004109
27251   0.00198552979069677   0.000861146748341479
27501   0.00362303401000019   0.000951726943000719
27751   0.000478424795233745   0.00362645433561049
28001   0.00255133891817261   0.00181444451196811
28251   0.000537203580919354   0.000333853766000702
28501   0.0034180604073335   4.61336784950417E-05
28751   0.000358162812327478   0.00011863703011572
29001   0.00214749717597262   0.0013170680391017
29251   0.000656645104740283   0.000499702949953607
29501   0.000422932050015534   0.000683463649974181
29751   0.000947506982225343   0.000170863568404678
30001   0.00388405643680667   0.000758804363625742
30251   0.000802617143225715   0.000260503994631844
30501   0.00400245941445199   0.00119781582562295
30751   0.00011101494874155   0.00074250868328074
31001   2.35040681898502E-05   7.51276965704761E-06
31251   0.000762535011451515   0.00142271889608114
31501   0.000208702330367627   0.00165165817845025
31751   0.000502958599194026   0.00153389198734577
32001   0.00385354575830443   0.000542354169821069
32251   0.00106107590064974   0.00148447681025121
32501   0.00156129083622536   0.00149543943133357
32751   0.00235416072831129   0.00134639016552884
33001   0.00121859171175964   0.000326119932988589
33251   0.00112147272255336   0.000419905369574813
33501   0.000278899144939171   0.000161845604600641
33751   0.000831959558262207   0.000281929660920888
34001   0.000127891271736846   0.00163768973957301
34251   0.00136275555732279   0.000450241878092283
34501   0.000996251029037221   0.00211267030287188
34751   0.00235878278081036   0.000515639817209368
35001   0.000750321973417845   0.000477331458938801
35251   0.000179667488564683   4.43305222516122E-05
35501   0.000712509057327004   0.000576938600237442
35751   0.00161914065488833   0.00197613467717117
36001   0.000664318551226839   0.000361232125567268
36251   0.00190744987759395   0.00188876063858023
36501   0.00219164476319045   0.000307387501687906
36751   0.00141630881161614   0.000244831710594196
37001   0.00191322879809597   0.00164189578590213
37251   0.000535235257823952   0.000405105334297495
37501   0.000626744724714356   0.000392368718358793
37751   0.00229711720332748   0.000793472706581366
38001   0.00182799851839011   0.000290489577452924
38251   0.00038980369390762   0.000536719079650805
38501   0.00114004385696365   0.000395408508023332
38751   0.00140940255502908   0.00205890989185586
39001   0.000885088303436032   0.00126012217181182
39251   0.00102892707060609   0.000955957542754016
39501   0.00166987887208814   0.000509910223207899
39751   0.00110418339605933   0.000193261998343019
40001   0.000932703460954309   0.00069319629807707
40251   0.000393790915217185   0.000397311170395098
40501   0.00203952118044048   0.00117323974476413
40751   0.00140317403251133   0.000377577490541348
41001   0.00134473168762195   0.000295510149580069
41251   0.0015388310960569   0.000119693049193237
41501   0.00250560670063049   0.0014000676944288
41751   0.00142541605248481   0.00104425953062803
42001   0.00160326881088135   0.000755233640470143
42251   0.00102785779661563   0.00217778997919937
42501   0.000132469391544876   0.00153059016814816
42751   0.000969696678594922   0.000694084888646085
43001   0.000703876112147062   0.000251564102208168
43251   0.000815253635872981   0.000524367039674956
43501   0.00125275843838146   0.00181797336432921
43751   0.000846609763968553   0.00165209134410871
44001   0.00152470034215491   0.001879548962893
44251   0.000706542853756265   0.00110306665083226
44501   5.97577810537153E-05   0.00330176990090059
44751   0.00150917796857009   0.000862724909881707
45001   0.00123487535809419   0.00210347152841195
45251   0.000896846172781407   0.000955064901871139
45501   0.000303270334667816   0.000818851814112231
45751   3.46187928502717E-05   0.000838693487859143
46001   6.20409453182535E-05   0.00191283533288833
46251   0.00051132510694829   0.000505384058921532
46501   0.000352171490812125   0.000427742832911693
46751   0.00110704747994628   0.000604793171513629
47001   0.00249393612268245   0.00011531991733682
47251   0.00210492102891147   0.00177602633969198
47501   0.0005536494686883   0.000941324172490154
47751   0.000724184080536316   2.37426284327436E-05
48001   0.00117550598027238   0.00108467485654473
48251   0.00023780016185726   0.000152007186222103
48501   0.0020187742727823   0.000137256134304042
48751   0.00117592450409842   0.000514845032231537
49001   0.00290013182487403   0.00123179013026897
49251   0.00058961867355567   0.000563089698198738
49501   0.000674864441066236   0.000242669579767152
49751   0.000679384953810591   0.00098341688388115
50001   0.000100054387364379   2.54279228302234E-05
50251   0.00136269327849226   0.000325902366229314
50501   0.000487168109570946   0.00132211701579554
50751   0.000314289373183119   0.000461737321192257
51001   0.00128571200155192   0.00182162875710279
51251   0.000161507411363004   0.000410700105931028
51501   0.000841748994819369   0.000898122613085417
51751   0.00123863601612284   0.000448874498495733
52001   0.0022555154825824   0.000578905956486464
52251   0.000783378450039951   0.000183669731028901
52501   0.00166359388650972   0.000137736336133343
52751   0.000943473311900145   0.000945938137174029
53001   0.000645694935085706   0.001148718493721
53251   4.52149135580227E-05   6.96529956797365E-05
53501   4.95868230152574E-05   0.00204731778047407
53751   0.000191076873638063   0.0018734214951861
54001   0.000830478550503222   0.00182216357745657
54251   0.00157156827597849   0.00117736346448138
54501   0.000249514989317245   0.000484375147762006
54751   0.000935110352037971   0.00233032537500244
55001   0.00113232235492045   0.00109294167236251
55251   0.000148263551117411   6.21772152545885E-05
55501   0.00144573104735268   0.000975121417899572
55751   0.000260114395602362   0.00215916695600471
56001   0.00186497245142381   0.00107021327975165
56251   0.000486812755552402   0.000761073485424202
56501   0.000683745444402639   0.000876762865078762
56751   0.00347015053463162   6.76981499898588E-05
57001   0.000156225394081111   0.000738574971502759
57251   0.00126874987617254   0.00029254242392418
57501   0.000459291493629777   0.00117659710459384
57751   0.000773983741590989   0.000229107363713954
58001   0.000304239964577846   0.000528246154594347
58251   0.000297114696547029   0.000164200040636553
58501   0.000243893626288516   0.00197027265791549
58751   0.00125914530720195   0.00153853762385892
59001   0.00091242317443696   0.000595495853330963
59251   0.00293393994485425   0.000398453144748845
59501   0.000617215878637944   0.000358100001599859
59751   0.00253454004156128   0.000602051453220009
60001   0.000473521391340714   0.0004454148899109
60251   0.000876086895471695   0.000320935056366212
60501   0.0018013104561545   0.000866099111558105
60751   0.00130741179526994   6.53256147764569E-06
61001   0.000186476043572914   0.000672784735027854
61251   0.000945690020876411   0.000499125529642819
61501   0.00189132371384093   0.000558032332573344
61751   0.000475825958971443   0.000151585890262429
62001   0.00280815837785575   0.00135190464530055
62251   0.0024662117475438   0.000810880864813845
62501   0.00159936086416268   0.000383779762768377
62751   0.00155926816985275   0.000921873322580424
63001   0.00104209693575807   0.000873247859772941
63251   0.00186157266839437   0.000345227368060752
63501   8.7356602018418E-05   0.00108907073116382
63751   0.00147846047957345   0.000250180065274774
64001   0.00150668462913373   0.000299982449869174
64251   0.00135843427243654   0.00125016148264545
64501   0.000524012642083682   8.20874808513672E-05
64751   0.0011453894441904   0.000283391464347305
65001   0.000840539495654324   0.000147851645648456
65251   0.000980459880098539   0.000450221856982957
65501   0.00138341465601188   0.000509590874025245
65751   0.000141017228337481   0.000571868647151086
66001   0.000314697773748596   0.000518884875302494
66251   0.000921721381597407   0.000277748865124106
66501   0.00220758387094877   0.00155854644921094
66751   0.00131673800247267   0.00111871927534457
67001   0.00180434603194479   0.000215451066549632
67251   0.000342331734661805   0.000198459659570882
67501   0.000259207565279529   0.000249053466539029
67751   0.000273426489208251   0.000140127876705809
68001   0.000376429210860674   6.70489165331967E-05
68251   3.13101797441151E-05   0.000270310275644281
68501   0.00124828241117259   0.000710852977781951
68751   0.000166863897653413   0.00105985945677722
69001   0.00128790063494677   0.000250063404817924
69251   0.00180558219369642   0.000855666597859961
69501   0.00178813680791179   0.00146370614924218
69751   0.00281413493203186   0.00117990301742377
70001   0.000932325088703556   0.000890524003224535
70251   0.00154261607229189   0.000133886388029247
70501   0.00164851798241006   0.000583310985833529
70751   0.000427015751195414   0.000302999197788756
71001   3.58598191025905E-05   0.000853534364401609
71251   0.000251264805138929   2.63731365660602E-05
71501   0.000557040674007525   0.000703097156381727
71751   0.00179440339136838   0.000846902049573939
72001   0.000703873678098099   0.000174707788934914
72251   0.00117359710301379   0.00125834877466224
72501   0.000316372546645849   1.97964522431482E-05
72751   0.00137606187643868   3.21365891008396E-05
73001   0.00196921683932849   0.000497201350813992
73251   0.00105874525822902   0.000505836138846916
73501   0.000522882013207271   0.000491447969791503
73751   5.89564674788878E-05   0.00135192692007313
74001   0.00152614018429664   0.000462685240073979
74251   0.000235524778757767   0.00211415269687476
74501   0.0010811073210949   0.000748625307411932
74751   0.00221310950994291   0.000722809829051485
75001   3.27410486052893E-05   0.000116047731056002
75251   0.000654294338802375   0.000304998158623948
75501   0.000629608878405574   0.00117473541988189
75751   0.00113094379103895   0.000577276299728147
76001   0.000414773491629661   0.00079905781213796
76251   0.00135144119963748   0.000914380432600836
76501   0.000344350238439151   0.000232738279145939
76751   0.00114402168172933   0.000838418682834297
77001   0.000314376599498067   0.00025166942843946
77251   0.000725172886540393   0.000337807616184294
77501   0.00294803949666722   0.00027167769389691
77751   7.11015464889275E-05   0.000797962693463328
78001   0.000218920082748486   0.000318749933860052
78251   0.000627918741932354   0.000392767642511949
78501   0.000711225942942706   0.000636357733056481
78751   0.0012337545235851   0.000753513002307749
79001   0.00169392037515026   0.000118904379879825
79251   0.0016220979575714   0.000548425948708853
79501   0.000843649077254982   0.000823700403190575
79751   0.00040359249413624   0.000234419600754654
80001   0.000424822466948749   0.000895660700770851
80251   0.000104560474102011   0.000380766116161224
80501   0.00100748846857646   0.000874657928271905
80751   0.000111325008993468   0.000800852243660555
81001   0.000748464492452805   0.000737508395767583
81251   0.00134653653289452   0.000639343814254345
81501   0.000524491135938554   0.000891656411823316
81751   0.000204978581032966   0.00121483323720983
82001   0.000856010589526335   0.000728543226304001
82251   0.00188897519307607   0.000164613462394048
82501   0.000487738549860617   0.00142251584932029
82751   0.00101740464836808   0.000142136875995513
83001   7.52498317049266E-05   0.00039436520172742
83251   0.000760324079092434   0.00122341851635843
83501   0.000327746341938995   3.35160491385933E-05
83751   0.000271001655147485   0.0015610670546603
84001   0.00091361212817731   0.00147934016283879
84251   7.1101700436671E-05   0.000218679230123753
84501   0.000789540946946388   0.00043913611493851
84751   0.000178348095008829   0.000383522516264723
85001   0.000485957132639769   0.000424361844542975
85251   0.000692750398374131   0.000635254642885608
85501   0.000700134641779426   0.000395995254909631
85751   0.00218042413224795   0.000228788117901391
86001   0.00205044510617303   1.15642858699028E-05
86251   0.000382319511137763   7.45316729829915E-05
86501   0.00053824455944218   0.00032780083943007
86751   0.00070276593321128   0.000477198643081711
87001   0.00148916054141579   0.000880131142517171
87251   0.000785315390654628   2.12510262590504E-05
87501   0.000492714309992204   0.00024137796904633
87751   0.000921097550841798   0.000496709001408968
88001   0.000366750655892867   0.0003803533530925
88251   0.00130577888610728   0.000906004203373389
88501   0.00181379472911114   3.77535355983172E-05
88751   0.0021543048935968   0.00031782238000766
89001   0.00247340706264254   2.73168493896137E-05
89251   6.20005478478847E-05   0.000426111709884713
89501   0.000277490433457372   0.000322014232021828
89751   4.33435243911706E-05   0.000525941984289569
90001   0.00106688365263718   0.000222553537688186
90251   0.000914812527122222   0.000481099382594774
90501   0.000724849430198904   0.000374291794985715
90751   0.000410793967152046   0.000898246754025167
91001   0.000849080499379595   0.000429648842722119
91251   0.00115819787659321   0.00112416770077661
91501   6.8529580902088E-05   0.000269797728373988
91751   0.00153979508202984   0.000500811914384447
92001   9.40626425577351E-05   0.000378805673674654
92251   8.79685481034453E-05   0.000490703434151585
92501   0.00289177669488871   0.000431619911147929
92751   0.000842251197564425   0.00155693244008459
93001   0.000101720663859051   0.000681905758608714
93251   1.41525951996568E-05   0.00113465294152837
93501   0.000724776289312556   0.000162992058150846
93751   0.000859595257200474   0.000251224612422996
94001   0.000234740050332416   0.000272202760343454
94251   0.000449948925528521   0.000130494762987543
94501   0.000706390333839346   1.8933577298097E-05
94751   0.00101148402771767   0.000412915265896041
95001   0.00063833125911017   0.000529077484377138
95251   0.000777597248111883   0.00050828192710084
95501   0.000938036234516493   0.000210255769414913
95751   0.000734811155154724   8.16533025699284E-05
96001   0.000112689022831125   8.25299629416687E-05
96251   0.00129201915215504   0.000401970037551047
96501   0.000568560989698819   0.000263513844936392
96751   0.000457860500279628   0.00075614483803299
97001   9.5762639005903E-05   0.000105125048313504
97251   0.00104722253619483   0.000175804878843944
97501   0.000752527094505462   0.000258099513678389
97751   0.000585906071086217   0.00106544484325444
98001   0.000457871037128688   0.00076742440198585
98251   0.00244938490125357   0.000942953161601201
98501   0.00114289866463002   0.000132399492750457
98751   0.00099525663973099   0.000477186038511657
99001   0.00030430387293523   0.00040921697241425
99251   0.00120717685946248   2.0226948819202E-05
99501   3.4386178000223E-05   0.000672412937556155
99751   0.000508017810050498   0.000583080078742082
