100  0.0147203376838642
100.1  0.0148341637990079
100.2  0.0149493145535684
100.3  0.0150658105697859
100.4  0.0151836728725535
100.5  0.015302922898883
100.6  0.0154235825076312
100.7  0.0155456739894947
100.8  0.0156692200772824
100.9  0.0157942439564735
101  0.015920769276071
101.1  0.0160488201597598
101.2  0.0161784212173787
101.3  0.0163095975567183
101.4  0.0164423747956524
101.5  0.0165767790746165
101.6  0.0167128370694437
101.7  0.0168505760045687
101.8  0.0169900236666147
101.9  0.0171312084183724
102  0.0172741592131874
102.1  0.0174189056097675
102.2  0.0175654777874248
102.3  0.0177139065617673
102.4  0.0178642234008548
102.5  0.018016460441835
102.6  0.0181706505080769
102.7  0.018326827126817
102.8  0.0184850245473374
102.9  0.0186452777596933
103  0.0188076225140097
103.1  0.0189720953403659
103.2  0.0191387335692897
103.3  0.0193075753528825
103.4  0.019478659686596
103.5  0.0196520264316861
103.6  0.0198277163383664
103.7  0.0200057710696861
103.8  0.0201862332261603
103.9  0.0203691463711771
104  0.0205545550572122
104.1  0.0207425048528787
104.2  0.0209330423708432
104.3  0.0211262152966406
104.4  0.0213220724184194
104.5  0.0215206636576537
104.6  0.0217220401008563
104.7  0.0219262540323313
104.8  0.0221333589680059
104.9  0.0223434096903797
105  0.0225564622846372
105.1  0.0227725741759654
105.2  0.0229918041681234
105.3  0.0232142124833128
105.4  0.0234398608033984
105.5  0.0236688123125315
105.6  0.0239011317412325
105.7  0.0241368854119869
105.8  0.0243761412864173
105.9  0.0246189690140922
106  0.0248654399830374
106.1  0.0251156273720181
106.2  0.0253696062046626
106.3  0.0256274534055024
106.4  0.0258892478580065
106.5  0.0261550704646914
106.6  0.0264250042093914
106.7  0.0266991342217793
106.8  0.0269775478442301
106.9  0.0272603347011254
107  0.0275475867707014
107.1  0.0278393984595463
107.2  0.0281358666798608
107.3  0.0284370909295982
107.4  0.0287431733756079
107.5  0.0290542189399111
107.6  0.0293703353892442
107.7  0.0296916334280119
107.8  0.0300182267947997
107.9  0.0303502323626011
108  0.0306877702429247
108.1  0.0310309638939524
108.2  0.0313799402329312
108.3  0.0317348297529874
108.4  0.0320957666445634
108.5  0.0324628889216882
108.6  0.0328363385532998
108.7  0.0332162615998549
108.799999999999  0.0336028083554675
108.899999999999  0.0339961334958343
108.999999999999  0.0343963962322186
109.099999999999  0.0348037604717746
109.199999999999  0.0352183949845154
109.299999999999  0.0356404735772373
109.399999999999  0.0360701752747366
109.499999999999  0.0365076845086662
109.599999999999  0.0369531913144057
109.699999999999  0.0374068915363319
109.799999999999  0.037868987041904
109.899999999999  0.0383396859449961
109.999999999999  0.038819202838937
110.099999999999  0.0393077590397411
110.199999999999  0.0398055828400422
110.299999999999  0.0403129097742711
110.399999999999  0.0408299828956491
110.499999999999  0.041357053065601
110.599999999999  0.0418943792562282
110.699999999999  0.0424422288665173
110.799999999999  0.0430008780530026
110.899999999999  0.0435706120756388
110.999999999999  0.0441517256596889
111.099999999999  0.0447445233744793
111.199999999999  0.0453493200299233
111.299999999999  0.0459664410917719
111.399999999999  0.0465962231166073
111.499999999999  0.0472390142076569
111.599999999999  0.0478951744925721
111.699999999999  0.048565076624389
111.799999999999  0.0492491063069612
111.899999999999  0.0499476628462395
111.999999999999  0.0506611597288566
112.099999999999  0.0513900252295739
112.199999999999  0.0521347030492401
112.299999999999  0.0528956529850258
112.399999999999  0.053673351634807
112.499999999999  0.0544682931376981
112.599999999999  0.0552809899528652
112.699999999999  0.0561119736788922
112.799999999999  0.0569617959161267
112.899999999999  0.0578310291745947
112.999999999999  0.0587202678302513
113.099999999999  0.0596301291325238
113.199999999999  0.0605612542663074
113.299999999999  0.0615143094717958
113.399999999999  0.0624899872257645
113.499999999999  0.0634890074881821
113.599999999999  0.0645121190182999
113.699999999999  0.0655601007646705
113.799999999999  0.0666337633338651
113.899999999999  0.0677339505430115
113.999999999999  0.0688615410616473
114.099999999999  0.0700174501487947
114.199999999999  0.0712026314916011
114.299999999999  0.0724180791523704
114.399999999999  0.0736648296313276
114.499999999999  0.0749439640530217
114.599999999999  0.0762566104848833
114.699999999999  0.077603946397117
114.799999999999  0.0789872012738281
114.899999999999  0.0804076593860702
114.999999999999  0.0818666627383526
115.099999999999  0.0833656142010766
115.199999999999  0.0849059808423853
115.299999999999  0.086489297474015
115.399999999999  0.0881171704269462
115.499999999999  0.0897912815739702
115.599999999999  0.0915133926177289
115.699999999999  0.0932853496643633
115.799999999999  0.0951090881046356
115.899999999999  0.0969866378262796
115.999999999999  0.0989201287834141
116.099999999999  0.100911796951129
116.199999999999  0.102963990695864
116.299999999999  0.105079177594939
116.399999999999  0.107259951741643
116.499999999999  0.109509041575611
116.599999999999  0.111829318281893
116.699999999999  0.114223804806196
116.799999999999  0.116695685538233
116.899999999999  0.119248316720097
116.999999999999  0.121885237642033
117.099999999999  0.124610182694071
117.199999999999  0.127427094348697
117.299999999999  0.130340137157225
117.399999999999  0.133353712850813
117.499999999999  0.136472476646314
117.599999999999  0.139701354867402
117.699999999999  0.143045564002876
117.799999999999  0.146510631336825
117.899999999999  0.150102417299574
117.999999999999  0.153827139704319
118.099999999999  0.157691400052195
118.199999999999  0.161702212108533
118.299999999999  0.165867032975559
118.399999999999  0.170193796911973
118.499999999999  0.174690952178291
118.599999999999  0.179367501218764
118.699999999999  0.184233044526793
118.799999999999  0.189297828581472
118.899999999999  0.194572798288944
118.999999999999  0.200069654414434
119.099999999999  0.205800916549941
119.199999999999  0.21177999222975
119.299999999999  0.218021252882279
119.399999999999  0.224540117393738
119.499999999999  0.231353144158299
119.599999999999  0.238478132602717
119.699999999999  0.24593423530297
119.799999999999  0.253742081958961
119.899999999999  0.261923916663689
119.999999999999  0.270503750099106
120.099999999999  0.279507528516301
120.199999999999  0.288963321617522
120.299999999999  0.298901531757697
120.399999999999  0.3093551272303
120.499999999999  0.320359902804687
120.599999999999  0.331954771148892
120.699999999999  0.344182089314607
120.799999999999  0.357088025093008
120.899999999999  0.370722968787112
120.999999999999  0.385141996807301
121.099999999999  0.400405394503898
121.199999999999  0.416579246830949
121.299999999999  0.433736106820276
121.399999999999  0.451955753472217
121.499999999999  0.471326052583983
121.599999999999  0.491943936291557
121.699999999999  0.513916519759407
121.799999999999  0.53736237658851
121.899999999999  0.562412998214662
121.999999999999  0.589214466937962
122.099999999999  0.617929377379035
122.199999999999  0.648739047233205
122.299999999999  0.681846065342543
122.399999999999  0.717477233493616
122.499999999999  0.75588696815038
122.599999999999  0.797361239717434
122.699999999999  0.842222140042984
122.799999999999  0.890833183793185
122.899999999999  0.943605466011273
122.999999999999  1.00100481633477
123.099999999999  1.06356010930016
123.199999999999  1.13187290856826
123.299999999999  1.20662863832043
123.399999999999  1.28860948333046
123.499999999999  1.37870921337824
123.599999999999  1.47795009649001
123.699999999999  1.58750199102117
123.799999999999  1.70870356061205
123.899999999999  1.8430852947215
123.999999999999  1.99239357366093
124.099999999999  2.15861428963802
124.199999999999  2.3439933748292
124.299999999999  2.55104977929387
124.399999999999  2.78257368998975
124.499999999999  3.04159870678679
124.599999999999  3.33133086066486
124.699999999999  3.65500941559536
124.799999999999  4.0156643727662
124.899999999999  4.41572459662448
124.999999999999  4.85642193694087
125.099999999999  5.33693836976519
125.199999999999  5.85326941120305
125.299999999999  6.3968497461868
125.399999999999  6.95313005526077
125.499999999999  7.50051346507873
125.599999999999  8.01030413640125
125.699999999999  8.44843495115739
125.799999999999  8.77948134942267
125.899999999999  8.97265880138474
125.999999999999  9.00833219786236
126.099999999999  8.88273748248686
126.199999999999  8.60893479019996
126.299999999999  8.21356686769852
126.399999999998  7.73083733771312
126.499999999998  7.19604013057786
126.599999999998  6.64057125460497
126.699999999998  6.08922524900891
126.799999999998  5.55955630805231
126.899999999998  5.06259014521373
126.999999999998  4.60415461365753
127.099999999998  4.18631015513266
127.199999999998  3.80860301931074
127.299999999998  3.46904230802199
127.399999999998  3.16480290165485
127.499999999998  2.89269989201466
127.599999999998  2.64949035150559
127.699999999998  2.43205290337907
127.799999999998  2.23748501242038
127.899999999998  2.06314722775945
127.999999999998  1.9066747068945
128.099999999998  1.76596962312381
128.199999999998  1.63918326589818
128.299999999998  1.52469336228981
128.399999999998  1.42107996706021
128.499999999998  1.32710185491176
128.599999999998  1.2416744528412
128.699999999998  1.16384979717399
128.799999999998  1.09279866843327
128.899999999998  1.02779486714605
128.999999999998  0.96820149207955
129.099999999998  0.91345903493578
129.199999999998  0.863075090284436
129.299999999998  0.816615482646978
129.399999999998  0.773696625566544
129.499999999998  0.733978944975135
129.599999999998  0.69716121810159
129.699999999998  0.662975697789019
129.799999999998  0.631183909474509
129.899999999998  0.601573023795242
129.999999999998  0.573952721688963
130.099999999998  0.548152480986078
130.199999999998  0.524019223967567
130.299999999998  0.501415274349715
130.399999999998  0.4802165798282
130.499999999998  0.460311162841056
130.599999999998  0.441597767751345
130.699999999998  0.423984677348604
130.799999999998  0.407388675549089
130.899999999998  0.391734136547586
130.999999999998  0.376952223531757
131.099999999998  0.362980182493673
131.199999999998  0.349760718730026
131.299999999998  0.33724144536996
131.399999999998  0.325374394755726
131.499999999998  0.314115584767258
131.599999999998  0.303424633261375
131.699999999998  0.293264414718514
131.799999999998  0.283600753978781
131.899999999998  0.274402152625075
131.999999999998  0.265639544151129
132.099999999998  0.257286074551007
132.199999999998  0.249316905395915
132.299999999998  0.241709036834517
132.399999999998  0.234441148272834
132.499999999998  0.227493454766553
132.599999999998  0.220847577398534
132.699999999998  0.214486426122479
132.799999999998  0.208394093734851
132.899999999998  0.202555759794806
132.999999999998  0.196957603449413
133.099999999998  0.191586724241655
133.199999999998  0.186431070083755
133.299999999998  0.181479371670563
133.399999999998  0.176721082688517
133.499999999998  0.172146325246778
133.599999999998  0.167745840019628
133.699999999998  0.163510940644355
133.799999999998  0.159433471967471
133.899999999998  0.155505771775079
133.999999999998  0.151720635681278
134.099999999998  0.148071284882156
134.199999999998  0.144551336512877
134.299999999998  0.141154776371911
134.399999999998  0.137875933800087
134.499999999998  0.13470945852324
134.599999999998  0.131650299285946
134.699999999998  0.128693684120641
134.799999999998  0.125835102111373
134.899999999998  0.123070286524865
134.999999999998  0.120395199193547
135.099999999998  0.117806016046028
135.199999999998  0.115299113690101
135.299999999998  0.112871056962118
135.399999999998  0.110518587364344
135.499999999998  0.108238612318984
135.599999999998  0.106028195173898
135.699999999998  0.103884545900774
135.799999999998  0.101805012431688
135.899999999998  0.0997870725846728
135.999999999998  0.0978283265331612
136.099999999998  0.0959264897779854
136.199999999998  0.0940793865841258
136.299999999998  0.0922849438475396
136.399999999998  0.0905411853602788
136.499999999998  0.0888462264447179
136.599999999998  0.0871982689300826
136.699999999998  0.0855955964466356
136.799999999998  0.0840365700148462
136.899999999998  0.0825196239086697
136.999999999998  0.0810432617737023
137.099999999998  0.0796060529824795
137.199999999998  0.0782066292105556
137.299999999998  0.076843681218258
137.399999999998  0.0755159558241598
137.499999999998  0.074222253057366
137.599999999998  0.0729614234766756
137.699999999998  0.0717323656455692
137.799999999998  0.0705340237527843
137.899999999998  0.0693653853689887
137.999999999998  0.068225479330754
138.099999999998  0.0671133737436591
138.199999999998  0.0660281740969412
138.299999999998  0.0649690214826479
138.399999999998  0.0639350909127386
138.499999999998  0.0629255897280412
138.599999999998  0.0619397560933946
138.699999999998  0.0609768575736918
138.799999999998  0.0600361897859064
138.899999999998  0.0591170751225112
138.999999999998  0.0582188615420126
139.099999999998  0.0573409214226055
139.199999999998  0.0564826504752208
139.299999999998  0.0556434667124821
139.399999999998  0.0548228094703163
139.499999999998  0.054020138479173
139.599999999998  0.0532349329820053
139.699999999998  0.0524666908963459
139.799999999998  0.0517149280179816
139.899999999998  0.0509791772638882
139.999999999998  0.0502589879522323
140.099999999998  0.0495539251173856
140.199999999998  0.0488635688580218
140.299999999998  0.0481875137164864
140.399999999998  0.0475253680877403
140.499999999998  0.0468767536562796
140.599999999998  0.0462413048595312
140.699999999998  0.0456186683763141
140.799999999998  0.045008502639039
140.899999999998  0.0444104773683974
140.999999999998  0.0438242731293661
141.099999999998  0.0432495809074189
141.199999999998  0.0426861017039034
141.299999999998  0.0421335461496017
141.399999999998  0.0415916341355456
141.499999999998  0.0410600944602163
141.599999999998  0.040538664492301
141.699999999998  0.040027089848231
141.799999999998  0.0395251240837642
141.899999999998  0.0390325283989208
141.999999999998  0.0385490713556145
142.099999999998  0.0380745286073607
142.199999999998  0.0376086826404756
142.299999999998  0.037151322526212
142.399999999998  0.036702243683307
142.499999999998  0.0362612476504468
142.599999999998  0.0358281418681774
142.699999999998  0.0354027394698164
142.799999999998  0.0349848590809453
142.899999999998  0.0345743246270818
142.999999999998  0.034170965149154
143.099999999998  0.033774614626417
143.199999999998  0.0333851118064713
143.299999999998  0.0330023000420602
143.399999999998  0.0326260271343384
143.499999999998  0.032256145182322
143.599999999998  0.0318925104382413
143.699999999998  0.0315349831685359
143.799999999998  0.0311834275202401
143.899999999998  0.0308377113925229
143.999999999997  0.0304977063131561
144.099999999997  0.0301632873196958
144.199999999997  0.029834332845174
144.299999999997  0.0295107246081041
144.399999999997  0.0291923475066178
144.499999999997  0.0288790895165554
144.599999999997  0.0285708415933423
144.699999999997  0.0282674975774926
144.799999999997  0.0279689541035866
144.899999999997  0.0276751105125779
144.999999999997  0.0273858687672911
145.099999999997  0.0271011333709794
145.199999999997  0.0268208112888142
145.299999999997  0.0265448118721897
145.399999999997  0.0262730467857249
145.499999999997  0.0260054299368554
145.599999999997  0.0257418774079115
145.699999999997  0.0254823073905797
145.799999999997  0.0252266401226568
145.899999999997  0.0249747978270016
145.999999999997  0.0247267046526
146.099999999997  0.0244822866176595
146.199999999997  0.0242414715546535
146.299999999997  0.0240041890572395
146.399999999997  0.0237703704289797
146.499999999997  0.0235399486337922
146.599999999997  0.0233128582480694
146.699999999997  0.0230890354143968
146.799999999997  0.0228684177968135
146.899999999997  0.0226509445375556
146.999999999997  0.0224365562152262
147.099999999997  0.0222251948043385
147.199999999997  0.0220168036361814
147.299999999997  0.021811327360958
147.399999999997  0.0216087119111499
147.499999999997  0.0214089044660626
147.599999999997  0.021211853417508
147.699999999997  0.0210175083365834
147.799999999997  0.0208258199415066
147.899999999997  0.0206367400664691
147.999999999997  0.0204502216314706
148.099999999997  0.0202662186131
148.199999999997  0.0200846860162291
148.299999999997  0.0199055798465858
148.399999999997  0.0197288570841773
148.499999999997  0.0195544756575312
148.599999999997  0.0193823944187287
148.699999999997  0.0192125731191986
148.799999999997  0.0190449723862497
148.899999999997  0.0188795537003128
148.999999999997  0.0187162793728691
149.099999999997  0.0185551125250424
149.199999999997  0.0183960170668305
149.299999999997  0.0182389576769557
149.399999999997  0.0180838997833124
149.499999999997  0.0179308095439922
149.599999999997  0.0177796538288673
149.699999999997  0.0176304002017124
149.799999999997  0.0174830169028486
149.899999999997  0.0173374728322915
149.999999999997  0.0171937375333858
150.099999999997  0.0170517811769124
150.199999999997  0.0169115745456502
150.299999999997  0.0167730890193803
150.399999999997  0.0166362965603158
150.499999999997  0.0165011696989449
150.599999999997  0.016367681520274
150.699999999997  0.0162358056504564
150.799999999997  0.0161055162437971
150.899999999997  0.0159767879701185
150.999999999997  0.0158495960024776
151.099999999997  0.0157239160052238
151.199999999997  0.0155997241223846
151.299999999997  0.015476996966371
151.399999999997  0.0153557116069916
151.499999999997  0.015235845560766
151.599999999997  0.0151173767805281
151.699999999997  0.0150002836453103
151.799999999997  0.0148845449505008
151.899999999997  0.0147701398982638
151.999999999997  0.0146570480882169
152.099999999997  0.0145452495083561
152.199999999997  0.0144347245262213
152.299999999997  0.0143254538802956
152.399999999997  0.0142174186716311
152.499999999997  0.0141106003556941
152.599999999997  0.0140049807344229
152.699999999997  0.0139005419484935
152.799999999997  0.0137972664697851
152.899999999997  0.01369513709404
152.999999999997  0.0135941369337135
153.099999999997  0.0134942494110063
153.199999999997  0.0133954582510753
153.299999999997  0.0132977474754176
153.399999999997  0.0132011013954217
153.499999999997  0.0131055046060823
153.599999999997  0.0130109419798734
153.699999999997  0.0129173986607747
153.799999999997  0.0128248600584483
153.899999999997  0.0127333118425595
153.999999999997  0.0126427399372394
154.099999999997  0.0125531305156843
154.199999999997  0.0124644699948885
154.299999999997  0.0123767450305059
154.399999999997  0.0122899425118381
154.499999999997  0.0122040495569448
154.599999999997  0.0121190535078726
154.699999999997  0.0120349419259999
154.799999999997  0.0119517025874939
154.899999999997  0.0118693234788775
154.999999999997  0.011787792792702
155.099999999997  0.011707098923323
155.199999999997  0.0116272304627782
155.299999999997  0.0115481761967614
155.399999999997  0.0114699251006934
155.499999999997  0.0113924663358842
155.599999999997  0.0113157892457861
155.699999999997  0.0112398833523348
155.799999999997  0.0111647383523755
155.899999999997  0.0110903441141719
155.999999999997  0.0110166906739972
156.099999999997  0.0109437682328028
156.199999999997  0.0108715671529646
156.299999999997  0.0108000779551035
156.399999999997  0.0107292913149789
156.499999999997  0.010659198060453
156.599999999997  0.0105897891685245
156.699999999997  0.0105210557624288
156.799999999997  0.0104529891088047
156.899999999997  0.010385580614924
156.999999999997  0.0103188218259842
157.099999999997  0.0102527044224607
157.199999999997  0.0101872202175193
157.299999999997  0.0101223611544853
157.399999999997  0.0100581193043691
157.499999999997  0.00999448686344664
157.599999999997  0.00993145615089279
157.699999999997  0.00986901960646691
157.799999999997  0.00980716978824908
157.899999999997  0.00974589937042574
157.999999999997  0.00968520114112343
158.099999999997  0.00962506800028963
158.199999999997  0.00956549295761934
158.299999999997  0.00950646913052642
158.399999999997  0.00944798974215847
158.499999999997  0.00939004811945431
158.599999999997  0.00933263769124291
158.699999999997  0.00927575198638278
158.799999999997  0.00921938463194097
158.899999999997  0.0091635293514105
158.999999999997  0.00910817996296547
159.099999999997  0.00905333037775288
159.199999999997  0.00899897459822027
159.299999999997  0.00894510671647836
159.399999999997  0.00889172091269781
159.499999999997  0.00883881145353931
159.599999999997  0.00878637269061628
159.699999999997  0.00873439905898925
159.799999999997  0.00868288507569133
159.899999999997  0.00863182533828397
159.999999999997  0.00858121452344229


100  0.0146174983031508
100.1  0.0147305306935215
100.2  0.0148448785138218
100.3  0.0149605622435028
100.4  0.0150776027618951
100.5  0.0151960213576096
100.6  0.0153158397381976
100.7  0.0154370800400774
100.8  0.0155597648387358
100.9  0.0156839171592147
101  0.01580956048689
101.1  0.0159367187785532
101.2  0.016065416473806
101.3  0.016195678506776
101.4  0.0163275303181669
101.5  0.0164609978676508
101.6  0.0165961076466165
101.7  0.016732886691284
101.8  0.0168713625961978
101.9  0.0170115635281114
102  0.017153518240276
102.1  0.0172972560871468
102.2  0.0174428070395218
102.3  0.0175902017001259
102.4  0.0177394713196566
102.5  0.0178906478133076
102.6  0.0180437637777845
102.7  0.0181988525088315
102.8  0.0183559480192856
102.9  0.0185150850576769
103  0.0186762991273933
103.1  0.0188396265064309
103.2  0.0190051042677479
103.3  0.0191727703002465
103.4  0.0193426633304018
103.5  0.0195148229445629
103.6  0.0196892896119493
103.7  0.0198661047083666
103.8  0.02004531054067
103.9  0.0202269503719985
104  0.0204110684478122
104.1  0.0205977100227586
104.2  0.0207869213883992
104.3  0.0209787499018294
104.4  0.0211732440152225
104.5  0.0213704533063331
104.6  0.0215704285099963
104.7  0.0217732215506584
104.8  0.0219788855759798
104.9  0.0221874749915483
105  0.0223990454967473
105.1  0.0226136541218214
105.2  0.0228313592661856
105.3  0.0230522207380265
105.4  0.0232762997952448
105.5  0.0235036591877917
105.6  0.0237343632014531
105.7  0.0239684777031397
105.8  0.0242060701877403
105.9  0.0244472098266023
106  0.0246919675177033
106.1  0.0249404159375811
106.2  0.0251926295950936
106.3  0.0254486848870828
106.4  0.0257086601560183
106.5  0.0259726357497042
106.6  0.0262406940831316
106.7  0.0265129197025662
106.8  0.026789399351964
106.9  0.0270702220418108
107  0.0273554791204893
107.1  0.0276452643482778
107.2  0.0279396739740939
107.3  0.0282388068150983
107.4  0.0285427643392829
107.5  0.0288516507511702
107.6  0.0291655730807585
107.7  0.0294846412758559
107.8  0.0298089682979481
107.9  0.0301386702217582
108  0.0304738663386607
108.1  0.0308146792641193
108.2  0.0311612350493318
108.3  0.031513663297267
108.4  0.0318720972832959
108.5  0.032236674080623
108.6  0.0326075346907383
108.7  0.0329848241791209
108.799999999999  0.0333686918164363
108.899999999999  0.0337592912254829
108.999999999999  0.0341567805341567
109.099999999999  0.0345613225347166
109.199999999999  0.0349730848496492
109.299999999999  0.0353922401044458
109.399999999999  0.0358189661076235
109.499999999999  0.0362534460383386
109.599999999999  0.0366958686419595
109.699999999999  0.0371464284339882
109.799999999999  0.0376053259127374
109.899999999999  0.0380727677811973
109.999999999999  0.0385489671785467
110.099999999999  0.039034143921789
110.199999999999  0.0395285247580241
110.299999999999  0.0400323436278906
110.399999999999  0.0405458419407495
110.499999999999  0.0410692688622072
110.599999999999  0.0416028816146161
110.699999999999  0.042146945791223
110.799999999999  0.0427017356846791
110.899999999999  0.0432675346306642
110.999999999999  0.0438446353674247
111.099999999999  0.0444333404120708
111.199999999999  0.0450339624545316
111.299999999999  0.0456468247701181
111.399999999999  0.0462722616517046
111.499999999999  0.0469106188626004
111.599999999999  0.0475622541112476
111.699999999999  0.0482275375489557
111.799999999999  0.0489068522919558
111.899999999999  0.0496005949691386
111.999999999999  0.0503091762969298
112.099999999999  0.0510330216828452
112.199999999999  0.05177257185937
112.299999999999  0.0525282835499134
112.399999999999  0.0533006301687008
112.499999999999  0.0540901025565924
112.599999999999  0.0548972097549466
112.699999999999  0.0557224798197864
112.799999999999  0.0565664606786823
112.899999999999  0.0574297210329255
112.999999999999  0.0583128513077418
113.099999999999  0.0592164646534849
113.199999999999  0.0601411980009529
113.299999999999  0.061087713174188
113.399999999999  0.0620566980643587
113.499999999999  0.0630488678685747
113.599999999999  0.0640649663977647
113.699999999999  0.0651057674580379
113.799999999999  0.0661720763102758
113.899999999999  0.0672647312130438
113.999999999999  0.0683846050542889
114.099999999999  0.069532607077694
114.199999999999  0.0707096847099996
114.299999999999  0.0719168254960783
114.399999999999  0.0731550591490641
114.499999999999  0.0744254597233985
114.599999999999  0.0757291479192622
114.699999999999  0.0770672935275215
114.799999999999  0.0784411180250374
114.899999999999  0.0798518973309629
114.999999999999  0.0813009647355075
115.099999999999  0.0827897140135709
115.199999999999  0.0843196027366567
115.299999999999  0.08589215579758
115.399999999999  0.0875089691636812
115.499999999999  0.089171713875574
115.599999999999  0.0908821403098878
115.699999999999  0.0926420827260377
115.799999999999  0.0944534641187735
115.899999999999  0.0963183014001429
115.999999999999  0.0982387109365729
116.099999999999  0.100216914469039
116.199999999999  0.10225524544679
116.299999999999  0.104356155807825
116.399999999999  0.10652222324235
116.499999999999  0.108756158978755
116.599999999999  0.111060816135308
116.699999999999  0.113439198684819
116.799999999999  0.115894471083973
116.899999999999  0.118429968623984
116.999999999999  0.121049208564654
117.099999999999  0.12375590212
117.199999999999  0.126553967370288
117.299999999999  0.129447543182776
117.399999999999  0.132441004231722
117.499999999999  0.135538977217405
117.599999999999  0.13874635839416
117.699999999999  0.142068332528822
117.799999999999  0.145510393423702
117.899999999999  0.149078366152458
117.999999999999  0.152778431173094
118.099999999999  0.156617150500169
118.199999999999  0.160601496138199
118.299999999999  0.164738881000702
118.399999999999  0.169037192564431
118.499999999999  0.173504829536732
118.599999999999  0.178150741845805
118.699999999999  0.182984474299665
118.799999999999  0.188016214300227
118.899999999999  0.193256844044919
118.999999999999  0.198717997700266
119.099999999999  0.204412124090945
119.199999999999  0.21035255551487
119.299999999999  0.2165535833711
119.399999999999  0.223030541374263
119.499999999999  0.229799897228255
119.599999999999  0.236879353745184
119.699999999999  0.244287960525039
119.799999999999  0.252046237459995
119.899999999999  0.260176311497633
119.999999999999  0.268702068293159
120.099999999999  0.277649320606244
120.199999999999  0.287045995558139
120.299999999999  0.296922343165175
120.399999999999  0.307311168912392
120.499999999999  0.318248093533982
120.599999999999  0.329771843635016
120.699999999999  0.341924577332977
120.799999999999  0.354752249731315
120.899999999999  0.368305023776633
120.999999999999  0.382637732915309
121.099999999999  0.397810402976808
121.199999999999  0.41388884189689
121.299999999999  0.430945307286274
121.399999999999  0.449059263487447
121.499999999999  0.468318241689791
121.599999999999  0.488818818945084
121.699999999999  0.510667734606101
121.799999999999  0.533983165876475
121.899999999999  0.558896187899894
121.999999999999  0.585552448236107
122.099999999999  0.614114090792332
122.199999999999  0.644761970441847
122.299999999999  0.677698206825651
122.399999999999  0.713149134373448
122.499999999999  0.751368715583439
122.599999999999  0.792642496253209
122.699999999999  0.837292194822284
122.799999999999  0.885681033379436
122.899999999999  0.93821993519448
122.999999999999  0.99537473262496
123.099999999999  1.05767454930876
123.199999999999  1.12572154042437
123.299999999999  1.20020219216197
123.399999999999  1.28190039237032
123.499999999999  1.37171248187659
123.599999999999  1.47066446917927
123.699999999999  1.57993152236888
123.799999999999  1.70085971320749
123.899999999999  1.83498973554195
123.999999999999  1.98408188627003
124.099999999999  2.15014087979016
124.199999999999  2.33543791442646
124.299999999999  2.54252560206964
124.399999999999  2.77423860479542
124.499999999999  3.03366869618841
124.599999999999  3.32409701821922
124.699999999999  3.64885812980749
124.799999999999  4.01110000268884
124.899999999999  4.41339242915081
124.999999999999  4.85712672847448
125.099999999999  5.34164997356966
125.199999999999  5.86310200010718
125.299999999999  6.41299618351164
125.399999999999  6.97673136925916
125.499999999999  7.53245118680849
125.599999999999  8.05092760716279
125.699999999999  8.49727843635814
125.799999999999  8.83507282945798
125.899999999999  9.03253870801199
125.999999999999  9.06934859747315
126.099999999999  8.94156644786704
126.199999999999  8.66265713335943
126.299999999999  8.26010172402407
126.399999999998  7.76911337816247
126.499999999998  7.22591298686466
126.599999999998  6.6625853352884
126.699999999998  6.1043343853252
126.799999999998  5.5688827683486
126.899999999998  5.06725494669552
126.999999999998  4.60517842342062
127.099999999998  4.18456849068009
127.199999999998  3.80481672531676
127.299999999998  3.46378765655822
127.399999999998  3.15853056141274
127.499999999998  2.88575628900792
127.599999999998  2.64213799138088
127.699999999998  2.42448813949656
127.799999999998  2.2298528287058
127.899999999998  2.05555315605685
127.999999999998  1.89919423523308
128.099999999998  1.75865551804608
128.199999999998  1.63207121539365
128.299999999998  1.51780629450922
128.399999999998  1.41443133923025
128.499999999998  1.32069814881798
128.599999999998  1.23551706278352
128.699999999998  1.15793645464988
128.799999999998  1.08712451449093
128.899999999998  1.0223532572352
128.999999999998  0.962984598021333
129.099999999998  0.908458293133291
129.199999999998  0.85828153347092
129.299999999998  0.812019983479435
129.399999999998  0.769290073551216
129.499999999998  0.729752373039869
129.599999999998  0.693105891209568
129.699999999998  0.659083173014841
129.799999999998  0.627446074706505
129.899999999998  0.597982120512815
129.999999999998  0.570501355958958
130.099999999998  0.544833625828362
130.199999999998  0.52082621548213
130.299999999998  0.498341803419086
130.399999999998  0.477256680766937
130.499999999998  0.457459200026126
130.599999999998  0.438848421008735
130.699999999998  0.421332926673815
130.799999999998  0.404829785588056
130.899999999998  0.389263641149124
130.999999999998  0.37456591059466
131.099999999998  0.36067407926461
131.199999999998  0.347531077657679
131.299999999998  0.335084730582512
131.399999999998  0.323287269200146
131.499999999998  0.312094898027433
131.599999999998  0.301467410056475
131.699999999998  0.291367844071601
131.799999999998  0.281762179037613
131.899999999998  0.27261906111155
131.999999999998  0.263909559412185
132.099999999998  0.255606947181625
132.199999999998  0.247686505403811
132.299999999998  0.240125346315795
132.399999999998  0.232902254568186
132.499999999998  0.225997544068311
132.599999999998  0.219392928779877
132.699999999998  0.213071405961313
132.799999999998  0.2070171505062
132.899999999998  0.201215419206924
132.999999999998  0.19565246390028
133.099999999998  0.19031545257388
133.199999999998  0.185192397617327
133.299999999998  0.180272090494206
133.399999999998  0.175544042191696
133.499999999998  0.170998428875619
133.599999999998  0.16662604224118
133.699999999998  0.162418244104715
133.799999999998  0.158366924830304
133.899999999998  0.154464465228042
133.999999999998  0.150703701598748
134.099999999998  0.147077893633501
134.199999999998  0.143580694906279
134.299999999998  0.140206125724483
134.399999999998  0.136948548125697
134.499999999998  0.133802642830067
134.599999999998  0.13076338797639
134.699999999998  0.127826039486719
134.799999999998  0.124986112919249
134.899999999998  0.122239366682603
134.999999999998  0.119581786496618
135.099999999998  0.117009570995471
135.199999999998  0.114519118378628
135.299999999998  0.112107014023751
135.399999999998  0.10977001898353
135.499999999998  0.107505059295371
135.599999999998  0.105309216039262
135.699999999998  0.103179716084801
135.799999999998  0.101113923473564
135.899999999998  0.0991093313876365
135.999999999998  0.0971635546593636
136.099999999998  0.0952743227811932
136.199999999998  0.0934394733779622
136.299999999998  0.0916569461071162
136.399999999998  0.0899247769552158
136.499999999998  0.0882410929016804
136.599999999998  0.0866041069230871
136.699999999998  0.0850121133134941
136.799999999998  0.0834634832982236
136.899999999998  0.0819566609203256
136.999999999998  0.0804901591805855
137.099999999998  0.0790625564134237
137.199999999998  0.0776724928824084
137.299999999998  0.0763186675803469
137.399999999998  0.074999835220069
137.499999999998  0.0737148034030613
137.599999999998  0.0724624299540747
137.699999999998  0.0712416204107107
137.799999999998  0.0700513256577994
137.899999999998  0.0688905396971302
137.999999999998  0.0677582975437799
138.099999999998  0.0666536732409119
138.199999999998  0.0655757779855036
138.299999999998  0.0645237583579904
138.399999999998  0.0634967946493117
138.499999999998  0.0624940992792946
138.599999999998  0.0615149153007372
138.699999999998  0.0605585149839349
138.799999999998  0.0596241984767567
138.899999999998  0.0587112925357078
138.999999999998  0.0578191493237227
139.099999999998  0.0569471452707171
139.199999999998  0.0560946799931901
139.299999999998  0.0552611752694122
139.399999999998  0.0544460740669623
139.499999999998  0.0536488396195855
139.599999999998  0.0528689545505386
139.699999999998  0.0521059200397747
139.799999999998  0.0513592550324811
139.899999999998  0.0506284954866471
139.999999999998  0.0499131936574813
140.099999999998  0.0492129174166329
140.199999999998  0.0485272496043009
140.299999999998  0.0478557874124307
140.399999999998  0.0471981417973074
140.499999999998  0.0465539369199594
140.599999999998  0.0459228096128795
140.699999999998  0.045304408871661
140.799999999998  0.0446983953702303
140.899999999998  0.0441044409984331
140.999999999998  0.0435222284208078
141.099999999998  0.0429514506554441
141.199999999998  0.0423918106718907
141.299999999998  0.041843021007136
141.399999999998  0.04130480339874
141.499999999998  0.0407768884342491
141.599999999998  0.0402590152160747
141.699999999998  0.0397509310410611
141.799999999998  0.0392523910940142
141.899999999998  0.0387631581544992
141.999999999998  0.0382830023162577
142.099999999998  0.0378117007186268
142.199999999998  0.0373490372893775
142.299999999998  0.036894802498424
142.399999999998  0.0364487931218797
142.499999999998  0.0360108120159687
142.599999999998  0.0355806679003245
142.699999999998  0.0351581751502356
142.799999999998  0.0347431535974159
142.899999999998  0.0343354283389062
142.999999999998  0.0339348295537274
143.099999999998  0.0335411923269312
143.199999999998  0.0331543564807069
143.299999999998  0.0327741664122255
143.399999999998  0.0324004709379142
143.499999999998  0.0320331231438739
143.599999999998  0.0316719802421619
143.699999999998  0.0313169034326819
143.799999999998  0.03096775777043
143.899999999998  0.030624412037863
143.999999999997  0.0302867386221639
144.099999999997  0.0299546133971906
144.199999999997  0.0296279156099064
144.299999999997  0.0293065277710974
144.399999999997  0.0289903355501946
144.499999999997  0.0286792276740246
144.599999999997  0.0283730958293224
144.699999999997  0.0280718345688483
144.799999999997  0.0277753412209565
144.899999999997  0.0274835158024724
144.999999999997  0.0271962609347395
145.099999999997  0.0269134817627075
145.199999999997  0.0266350858769333
145.299999999997  0.0263609832383785
145.399999999997  0.0260910861058879
145.499999999997  0.0258253089662413
145.599999999997  0.0255635684666737
145.699999999997  0.0253057833497673
145.799999999997  0.0250518743906172
145.899999999997  0.0248017643361837
145.999999999997  0.0245553778467431
146.099999999997  0.024312641439355
146.199999999997  0.0240734834332666
146.299999999997  0.0238378338971797
146.399999999997  0.0236056245983071
146.499999999997  0.0233767889531502
146.599999999997  0.023151261979931
146.699999999997  0.0229289802526156
146.799999999997  0.0227098818564696
146.899999999997  0.0224939063450853
146.999999999997  0.0222809946988275
147.099999999997  0.0220710892846434
147.199999999997  0.0218641338171861
147.299999999997  0.0216600733212026
147.399999999997  0.0214588540951401
147.499999999997  0.0212604236759252
147.599999999997  0.0210647308048736
147.699999999997  0.0208717253946882
147.799999999997  0.020681358497507
147.899999999997  0.0204935822739625
147.999999999997  0.0203083499632155
148.099999999997  0.0201256158539301
148.199999999997  0.0199453352561541
148.299999999997  0.0197674644740751
148.399999999997  0.0195919607796187
148.499999999997  0.0194187823868614
148.599999999997  0.0192478884272288
148.699999999997  0.0190792389254509
148.799999999997  0.01891279477625
148.899999999997  0.0187485177217337
148.999999999997  0.0185863703294708
149.099999999997  0.0184263159712248
149.199999999997  0.0182683188023243
149.299999999997  0.0181123437416474
149.399999999997  0.0179583564521989
149.499999999997  0.0178063233222628
149.599999999997  0.0176562114471073
149.699999999997  0.0175079886112269
149.799999999997  0.0173616232711011
149.899999999997  0.0172170845384556
149.999999999997  0.0170743421640056
150.099999999997  0.0169333665216692
150.199999999997  0.0167941285932325
150.299999999997  0.0166565999534535
150.399999999997  0.0165207527555895
150.499999999997  0.0163865597173349
150.599999999997  0.016253994107156
150.699999999997  0.0161230297310096
150.799999999997  0.0159936409194341
150.899999999997  0.0158658025150003
150.999999999997  0.0157394898601108
151.099999999997  0.0156146787851372
151.199999999997  0.0154913455968843
151.299999999997  0.0153694670673709
151.399999999997  0.0152490204229174
151.499999999997  0.015129983333531
151.599999999997  0.0150123339025787
151.699999999997  0.0148960506567397
151.799999999997  0.0147811125362278
151.899999999997  0.0146674988852771
151.999999999997  0.0145551894428813
152.099999999997  0.0144441643337795
152.199999999997  0.0143344040596817
152.299999999997  0.0142258894907255
152.399999999997  0.014118601857158
152.499999999997  0.014012522741236
152.599999999997  0.0139076340693378
152.699999999997  0.0138039181042799
152.799999999997  0.0137013574378338
152.899999999997  0.0135999349834354
152.999999999997  0.0134996339690826
153.099999999997  0.0134004379304151
153.199999999997  0.0133023307039706
153.299999999997  0.0132052964206133
153.399999999997  0.013109319499129
153.499999999997  0.0130143846399819
153.599999999997  0.012920476819229
153.699999999997  0.0128275812825872
153.799999999997  0.0127356835396485
153.899999999997  0.01264476935824
153.999999999997  0.0125548247589232
154.099999999997  0.0124658360096305
154.199999999997  0.0123777896204325
154.299999999997  0.0122906723384355
154.399999999997  0.0122044711428029
154.499999999997  0.0121191732398984
154.599999999997  0.0120347660585476
154.699999999997  0.0119512372454137
154.799999999997  0.011868574660486
154.899999999997  0.0117867663726761
154.999999999997  0.0117058006555199
155.099999999997  0.0116256659829828
155.199999999997  0.0115463510253644
155.299999999997  0.0114678446453007
155.399999999997  0.0113901358938605
155.499999999997  0.0113132140067346
155.599999999997  0.011237068400514
155.699999999997  0.0111616886690554
155.799999999997  0.0110870645799314
155.899999999997  0.0110131860709644
155.999999999997  0.0109400432468389
156.099999999997  0.0108676263757943
156.199999999997  0.0107959258863922
156.299999999997  0.0107249323643592
156.399999999997  0.010654636549501
156.499999999997  0.0105850293326875
156.599999999997  0.0105161017529064
156.699999999997  0.0104478449943836
156.799999999997  0.0103802503837684
156.899999999997  0.0103133093873825
156.999999999997  0.0102470136085305
157.099999999997  0.0101813547848709
157.199999999997  0.0101163247858453
157.299999999997  0.0100519156101653
157.399999999997  0.00998811938335459
157.499999999997  0.00992492835534594
157.599999999997  0.00986233489813062
157.699999999997  0.00980033150345974
157.799999999997  0.00973891078059586
157.899999999997  0.00967806545411362
157.999999999997  0.00961778836174829
158.099999999997  0.009558072452291
158.199999999997  0.00949891078352936
158.299999999997  0.00944029652023266
158.399999999997  0.00938222293218026
158.499999999997  0.00932468339223225
158.599999999997  0.00926767137444129
158.699999999997  0.00921118045220479
158.799999999997  0.00915520429645615
158.899999999997  0.00909973667389442
158.999999999997  0.00904477144525126
159.099999999997  0.00899030256359439
159.199999999997  0.00893632407266665
159.299999999997  0.00888283010525975
159.399999999997  0.00882981488162196
159.499999999997  0.00877727270789896
159.599999999997  0.0087251979746069
159.699999999997  0.00867358515513714
159.799999999997  0.00862242880429172
159.899999999997  0.008571723556849
159.999999999997  0.00852146412615859
