0.00   0.0000000000
0.05   0.0563720146
0.10   0.1124629160
0.15   0.1679960008
0.20   0.2227025892
0.25   0.2763263902
0.30   0.3286267595
0.35   0.3793821415
0.40   0.4283923550
0.45   0.4754817168
0.50   0.5204998778
0.55   0.5633234301
0.60   0.6038560908
0.65   0.6420292645
0.70   0.6778011938
0.75   0.7111556337
0.80   0.7421009647
0.85   0.7706681823
0.90   0.7969082124
0.95   0.8208908069
1.00   0.8427007929
1.05   0.8624515388
1.10   0.8802050696
1.15   0.8961249227
1.20   0.9103139782
1.25   0.9229001283
1.30   0.9340079449
1.35   0.9437515722
1.40   0.9522851198
1.45   0.9596827340
1.50   0.9661051465
1.55   0.9716035639
1.60   0.9763483833
1.65   0.9804195731
1.70   0.9837904586
1.75   0.9865387258
1.80   0.9886559833
1.85   0.9902477564
1.90   0.9913909784
1.95   0.9921057859
2.00   0.9925000000
2.05   0.9926939838
2.10   0.9927904292
2.15   0.9928000000
2.20   0.9927310000
2.25   0.9925900000
2.30   0.9923830000
2.35   0.9921150000
2.40   0.9917900000
2.45   0.9914130000
2.50   0.9909900000

