0 9.99999971718069E-10
0.1 0.112462965622195
0.2 0.222702457858316
0.3 0.328626682729012
0.4 0.428392423467284
0.5 0.520500016304747
0.6 0.603856184849437
0.7 0.677801181856103
0.8 0.742100859742192
0.9 0.796908074913668
1 0.84270068974759
1.1 0.880205043203596
1.2 0.910314035506213
1.3 0.934008062438552
1.4 0.952285258268515
1.5 0.966105266402972
1.6 0.97634845580629
1.7 0.983790470207606
1.8 0.989090453811526
1.9 0.992790333976641
2 0.995322139581219
2.1 0.997020395440758
2.2 0.998137018211188
2.3 0.998856700762316
2.4 0.999311382118005
2.5 0.999592964536606


-5 -42755084641448.6
-4.995 -1.68101044592164
-4.99 -0.847804719796959
-4.985 -0.570156052292564
-4.98 -0.431397805399065
-4.975 -0.348196675015859
-4.97 -0.292774913206558
-4.965 -0.253227788536319
-4.96 -0.223602951169813
-4.955 -0.200593554583184
-4.95 -0.182215504260555
-4.945 -0.167206207112579
-4.94 -0.15472394619625
-4.935 -0.144186005574071
-4.93 -0.135176170243283
-4.925 -0.127389226102786
-4.92 -0.120596272441592
-4.915 -0.114622277087323
-4.91 -0.109331113180644
-4.905 -0.104615321187412
-4.9 -0.100388942315683
-4.895 -0.0965823995362615
-4.89 -0.0931387746968995
-4.885 -0.0900110568323867
-4.88 -0.0871600784053828
-4.875 -0.0845529468577041
-4.87 -0.0821618381195746
-4.865 -0.0799630582361985
-4.86 -0.077936306082664
-4.855 -0.0760640886289413
-4.85 -0.0743312531602843
-4.845 -0.0727246100440939
-4.84 -0.0712326262365501
-4.835 -0.0698451745239547
-4.83 -0.0685533270243517
-4.825 -0.067349184097729
-4.82 -0.0662257317801751
-4.815 -0.0651767223459432
-4.81 -0.0641965737374073
-4.805 -0.0632802844767562
-4.8 -0.0624233613505407
-4.795 -0.0616217576867427
-4.79 -0.0608718204593845
-4.785 -0.0601702447840695
-4.78 -0.0595140346290789
-4.775 -0.058900468775622
-4.77 -0.0583270712289288
-4.765 -0.0577915854177947
-4.76 -0.0572919516305936
-4.755 -0.056826287225931
-4.75 -0.0563928692300328
-4.745 -0.0559901189938314
-4.74 -0.0556165886330602
-4.735 -0.0552709490164655
-4.73 -0.054951979102068
-4.725 -0.0546585564505502
-4.72 -0.0543896487692878
-4.715 -0.054144306361148
-4.71 -0.0539216553695772
-4.705 -0.053720891726241
-4.7 -0.0535412757200332
-4.695 -0.0533821271169478
-4.69 -0.0532428207694636
-4.685 -0.0531227826619215
-4.68 -0.0530214863451182
-4.675 -0.052938449719152
-4.67 -0.0528732321285772
-4.665 -0.0528254317382683
-4.66 -0.0527946831621893
-4.655 -0.0527806553205328
-4.65 -0.0527830495035842
-4.645 -0.0528015976231683
-4.64 -0.0528360606347388
-4.635 -0.052886227115119
-4.63 -0.0529519119825894
-4.625 -0.0530329553475493
-4.62 -0.0531292214832983
-4.615 -0.0532405979076795
-4.61 -0.053366994567379
-4.605 -0.0535083431176281
-4.6 -0.0536645962908918
-4.595 -0.0538357273488961
-4.59 -0.0540217296130369
-4.585 -0.0542226160688278
-4.58 -0.0544384190406223
-4.575 -0.0546691899333573
-4.57 -0.0549149990385544
-4.565 -0.0551759354022451
-4.56 -0.0554521067529087
-4.555 -0.0557436394878956
-4.55 -0.0560506787171722
-4.545 -0.056373388363578
-4.54 -0.0567119513191089
-4.535 -0.0570665696570812
-4.53 -0.0574374649003303
-4.525 -0.0578248783459239
-4.52 -0.0582290714471729
-4.515 -0.058650326254042
-4.51 -0.0590889459133731
-4.505 -0.0595452552306627
-4.5 -0.0600196012954664
-4.495 -0.0605123541728553
-4.49 -0.061023907663701
-4.485 -0.0615546801369599
-4.48 -0.062105115437527
-4.475 -0.062675683873657
-4.47 -0.0632668832884129
-4.465 -0.063879240220101
-4.46 -0.0645133111571811
-4.455 -0.0651696838937209
-4.45 -0.0658489789920845
-4.445 -0.0665518513602478
-4.44 -0.0672789919518589
-4.435 -0.0680311295979966
-4.43 -0.0688090329804694
-4.425 -0.0696135127574943
-4.42 -0.0704454238536814
-4.415 -0.0713056679274466
-4.41 -0.0721951960303211
-4.405 -0.0731150114740923
-4.4 -0.0740661729233438
-4.395 -0.0750497977328041
-4.39 -0.0760670655509134
-4.385 -0.0771192222133109
-4.38 -0.0782075839524456
-4.375 -0.079333541952363
-4.37 -0.0804985672808826
-4.365 -0.0817042162349373
-4.36 -0.0829521361388514
-4.355 -0.0842440716398515
-4.35 -0.0855818715501675
-4.345 -0.086967496290853
-4.34 -0.0884030259989368
-4.335 -0.0898906693669253
-4.33 -0.0914327732920298
-4.325 -0.0930318334220494
-4.32 -0.0946905056957297
-4.315 -0.0964116189878495
-4.31 -0.0981981889835223
-4.305 -0.100053433422556
-4.3 -0.101980788873505
-4.295 -0.103983929218689
-4.29 -0.106066786056505
-4.285 -0.108233571256294
-4.28 -0.110488801934673
-4.275 -0.112837328161352
-4.27 -0.115284363748099
-4.265 -0.117835520527938
-4.26 -0.120496846594259
-4.255 -0.123274869043239
-4.25 -0.126176641849925
-4.245 -0.129209799611228
-4.24 -0.132382618011324
-4.235 -0.135704082010573
-4.23 -0.139183962933178
-4.225 -0.142832905837746
-4.22 -0.146662528806587
-4.215 -0.150685536093948
-4.21 -0.154915847442929
-4.205 -0.159368746331534
-4.2 -0.164061050460393
-4.195 -0.169011308474239
-4.19 -0.174240027749582
-4.185 -0.179769939125993
-4.18 -0.185626305764406
-4.175 -0.191837284957871
-4.17 -0.198434353796693
-4.165 -0.205452812232835
-4.16 -0.212932380474689
-4.155 -0.220917912012635
-4.15 -0.229460249255932
-4.145 -0.238617256204404
-4.14 -0.248455072413666
-4.135 -0.259049645626346
-4.13 -0.270488618094848
-4.125 -0.282873665629357
-4.12 -0.296323421416055
-4.115 -0.310977162579202
-4.11 -0.326999502178447
-4.105 -0.344586421786604
-4.1 -0.363973113851207
-4.095 -0.385444300602492
-4.09 -0.409347992609464
-4.085 -0.43611410330988
-4.08 -0.466280044003113
-4.075 -0.500526556855545
-4.07 -0.539728904925072
-4.065 -0.585031688369365
-4.06 -0.637961068778807
-4.055 -0.700598206804925
-4.05 -0.775856762391911
-4.045 -0.867945395191981
-4.04 -0.983177140326529
-4.035 -1.13147253483964
-4.03 -1.32936587065354
-4.025 -1.60661895112965
-4.02 -2.02275548254778
-4.015 -2.71666424864901
-4.01 -4.10501180896746
-4.005 -8.27113138749344
-4 267219279009054
-3.995 8.39664717737865
-3.99 4.23054555178684
-3.985 2.84222792067833
-3.98 2.14836107088729
-3.975 1.73227845820387
-3.97 1.45509131863662
-3.965 1.25727597008285
-3.96 1.10907063780227
-3.955 0.993941062959676
-3.95 0.901966746089748
-3.945 0.826834694171703
-3.94 0.764336294209472
-3.935 0.711557937508033
-3.93 0.666418519299389
-3.925 0.627391938556228
-3.92 0.593333660412631
-3.915 0.563368491884195
-3.91 0.536815765716961
-3.905 0.513138150424256
-3.9 0.491905817346844
-3.895 0.472770845729998
-3.89 0.455448608267841
-3.885 0.439704012626211
-3.88 0.425341182618268
-3.875 0.412195615931308
-3.87 0.400128151642328
-3.865 0.389020278319106
-3.86 0.378770447561745
-3.855 0.369291150293509
-3.85 0.360506577827379
-3.845 0.352350735663635
-3.84 0.344765910984902
-3.835 0.337701418823321
-3.83 0.331112569527619
-3.825 0.324959813271543
-3.82 0.319208027180444
-3.815 0.313825918095719
-3.81 0.308785519676928
-3.805 0.304061766910814
-3.8 0.299632134482596
-3.795 0.295476328107931
-3.79 0.291576020000452
-3.785 0.287914621291772
-3.78 0.284477085526998
-3.775 0.281249738403594
-3.77 0.27822012976199
-3.765 0.275376904515792
-3.76 0.272709689761626
-3.755 0.270208995759302
-3.75 0.267866128842656
-3.745 0.26567311462573
-3.74 0.263622630120705
-3.735 0.261707943592964
-3.73 0.259922861152781
-3.725 0.25826167922885
-3.72 0.256719142191038
-3.715 0.255290404492813
-3.71 0.253970996790708
-3.705 0.252756795571964
-3.7 0.251643995884156
-3.695 0.25062908681407
-3.69 0.249708829408786
-3.685 0.248880236771102
-3.68 0.248140556095153
-3.675 0.247487252437036
-3.67 0.246917994040456
-3.665 0.246430639059022
-3.66 0.246023223535802
-3.655 0.24569395051708
-3.65 0.245441180191666
-3.645 0.245263420959616
-3.64 0.245159321345188
-3.635 0.245127662678577
-3.63 0.245167352479389
-3.625 0.245277418482415
-3.62 0.245457003252838
-3.615 0.245705359343941
-3.61 0.246021844955617
-3.605 0.246405920056677
-3.6 0.246857142938102
-3.595 0.247375167168177
-3.59 0.247959738923839
-3.585 0.248610694675575
-3.58 0.24932795920605
-3.575 0.25011154394511
-3.57 0.250961545606194
-3.565 0.25187814511125
-3.56 0.252861606793264
-3.555 0.253912277867364
-3.55 0.255030588163134
-3.545 0.256217050112462
-3.54 0.257472258988754
-3.535 0.258796893394863
-3.53 0.260191715998496
-3.525 0.261657574515306
-3.52 0.263195402941221
-3.515 0.264806223037
-3.51 0.266491146069313
-3.505 0.268251374814135
-3.5 0.270088205829599
-3.495 0.272003032006985
-3.49 0.273997345410017
-3.485 0.276072740414265
-3.48 0.278230917160121
-3.475 0.280473685334615
-3.47 0.282802968299205
-3.465 0.285220807582751
-3.46 0.287729367761028
-3.455 0.290330941746526
-3.45 0.293027956514776
-3.445 0.295822979296301
-3.44 0.298718724266255
-3.435 0.301718059767115
-3.43 0.304824016103479
-3.425 0.308039793951912
-3.42 0.311368773433272
-3.415 0.314814523899677
-3.41 0.318380814493716
-3.405 0.322071625543377
-3.4 0.325891160862713
-3.395 0.329843861035674
-3.39 0.33393441776851
-3.385 0.338167789405368
-3.38 0.342549217711712
-3.375 0.347084246041588
-3.37 0.351778739017457
-3.365 0.356638903865501
-3.36 0.361671313565392
-3.355 0.366882931991554
-3.35 0.372281141243232
-3.345 0.377873771383755
-3.34 0.383669132835386
-3.335 0.389676051705621
-3.33 0.395903908354489
-3.325 0.402362679550364
-3.32 0.409062984605552
-3.315 0.416016135932572
-3.31 0.423234194518981
-3.305 0.430730030884105
-3.3 0.438517392156073
-3.295 0.44661097599427
-3.29 0.455026512182406
-3.285 0.463780852833219
-3.28 0.472892072280402
-3.275 0.48237957788978
-3.27 0.492264233204384
-3.265 0.502568495051655
-3.26 0.51331656649154
-3.255 0.524534567778982
-3.25 0.53625072786218
-3.245 0.548495599349663
-3.24 0.561302300368012
-3.235 0.574706787314776
-3.23 0.588748163207343
-3.225 0.603469027164474
-3.22 0.618915871563791
-3.215 0.635139534635991
-3.21 0.652195717734733
-3.205 0.670145578324098
-3.2 0.689056411933652
-3.195 0.709002439049432
-3.19 0.730065716270757
-3.185 0.752337195242282
-3.18 0.775917958095213
-3.175 0.800920664699108
-3.17 0.827471255332211
-3.165 0.85571096294976
-3.16 0.885798702774705
-3.155 0.917913924412497
-3.15 0.95226003441212
-3.145 0.989068526967259
-3.14 1.02860399979257
-3.135 1.07117028466494
-3.13 1.11711799273172
-3.125 1.1668538707211
-3.12 1.22085249623415
-3.115 1.27967102401342
-3.11 1.34396795395342
-3.105 1.41452726143401
-3.1 1.49228976678994
-3.095 1.57839441096719
-3.09 1.67423328977271
-3.085 1.78152611202086
-3.08 1.9024225795327
-3.075 2.03964571918635
-3.07 2.19669664304504
-3.065 2.3781538132215
-3.06 2.59012193924195
-3.055 2.84092572859397
-3.05 3.1422198876872
-3.045 3.51083912355156
-3.04 3.97203564691917
-3.035 4.56549167807795
-3.03 5.35734445873375
-3.025 6.46664127829685
-3.02 8.13147703984231
-3.015 10.9074069583253
-3.01 16.4610973539585
-3.005 33.125881206911
-3 -1.42516948804829E+15
-2.995 -33.544605473628
-2.99 -16.8798767516296
-2.985 -11.3262782639032
-2.98 -8.55047706213143
-2.975 -6.8858068713604
-2.97 -5.77671253498739
-2.965 -4.98509922137841
-2.96 -4.391919725697
-2.955 -3.93103690400552
-2.95 -3.56276864705451
-2.945 -3.26186286850737
-2.94 -3.01148499918532
-2.935 -2.79998048409411
-2.93 -2.6190247808466
-2.925 -2.4625133588332
-2.92 -2.32586794881751
-2.915 -2.20558764572662
-2.91 -2.09894964395332
-2.905 -2.00380447740672
-2.9 -1.91843268765269
-2.895 -1.84144244411834
-2.89 -1.7716950861619
-2.885 -1.70825008905283
-2.88 -1.65032378855888
-2.875 -1.59725801173382
-2.87 -1.54849594685581
-2.865 -1.50356337570334
-2.86 -1.46205392758834
-2.855 -1.42361738438148
-2.85 -1.38795032463541
-2.845 -1.35478857862668
-2.84 -1.32390109818203
-2.835 -1.29508494118744
-2.83 -1.26816114129078
-2.825 -1.24297128576365
-2.82 -1.21937466382929
-2.815 -1.19724587753517
-2.81 -1.1764728299691
-2.805 -1.15695502309565
-2.8 -1.13860211103386
-2.795 -1.1213326651696
-2.79 -1.10507311580171
-2.785 -1.08975684158936
-2.78 -1.07532338329205
-2.775 -1.06171776247357
-2.77 -1.0488898892027
-2.765 -1.03679404550196
-2.76 -1.02538843350372
-2.755 -1.01463477907618
-2.75 -1.00449798315996
-2.745 -0.994945814273359
-2.74 -0.985948636651437
-2.735 -0.977479169319721
-2.73 -0.969512272099873
-2.725 -0.962024755127465
-2.72 -0.954995208950663
-2.715 -0.948403852690799
-2.71 -0.942232398093528
-2.705 -0.936463927594127
-2.7 -0.931082784771378
-2.695 -0.926074475777987
-2.69 -0.92142558051842
-2.685 -0.917123672501512
-2.68 -0.913157246430164
-2.675 -0.909515652706108
-2.67 -0.906189038128472
-2.665 -0.903168292151314
-2.66 -0.900444998141037
-2.655 -0.898011389139929
-2.65 -0.895860307699582
-2.645 -0.893985169397802
-2.64 -0.892379929696486
-2.635 -0.891039053836627
-2.63 -0.889957489500182
-2.625 -0.889130641998755
-2.62 -0.888554351775274
-2.615 -0.888224874028346
-2.61 -0.888138860289777
-2.605 -0.888293341804322
-2.6 -0.888685714577168
-2.595 -0.889313725969595
-2.59 -0.890175462736583
-2.585 -0.891269340411938
-2.58 -0.892594093957659
-2.575 -0.894148769603768
-2.57 -0.895932717814112
-2.565 -0.897945587321605
-2.56 -0.900187320184018
-2.555 -0.902658147818481
-2.55 -0.905358587979126
-2.545 -0.908289442648679
-2.54 -0.91145179682019
-2.535 -0.914847018150842
-2.53 -0.918476757474692
-2.525 -0.922342950166452
-2.52 -0.926447818353099
-2.515 -0.930793873975055
-2.51 -0.935383922703288
-2.505 -0.940221068723544
-2.5 -0.945308720403596
-2.495 -0.950650596864411
-2.49 -0.956250735480961
-2.485 -0.962113500343713
-2.48 -0.968243591717222
-2.475 -0.974646056537788
-2.47 -0.981326299998243
-2.465 -0.988290098274232
-2.46 -0.995543612453156
-2.455 -1.00309340373425
-2.45 -1.01094644997598
-2.445 -1.01911016367576
-2.44 -1.02759241147592
-2.435 -1.03640153530004
-2.43 -1.04554637523493
-2.425 -1.0550362942853
-2.42 -1.06488120514179
-2.415 -1.0750915991174
-2.41 -1.08567857742357
-2.405 -1.0966538849752
-2.4 -1.10802994693322
-2.395 -1.11981990821611
-2.39 -1.13203767623525
-2.385 -1.14469796713717
-2.38 -1.15781635586559
-2.375 -1.17140933039036
-2.37 -1.18549435048883
-2.365 -1.20008991150741
-2.36 -1.21521561357972
-2.355 -1.23089223683166
-2.35 -1.24714182316483
-2.345 -1.26398776527866
-2.34 -1.28145490367019
-2.335 -1.29956963243825
-2.33 -1.31836001482045
-2.325 -1.33785590950496
-2.32 -1.35808910889044
-2.315 -1.37909349061648
-2.31 -1.40090518385783
-2.305 -1.42356275207197
-2.3 -1.44710739411504
-2.295 -1.47158316590112
-2.29 -1.49703722508011
-2.285 -1.52352010155713
-2.28 -1.55108599707972
-2.275 -1.57979311758903
-2.27 -1.60970404257834
-2.265 -1.64088613634365
-2.26 -1.67341200676242
-2.255 -1.70736001812059
-2.25 -1.74281486555209
-2.245 -1.77986821988966
-2.24 -1.81861945319236
-2.235 -1.8591764569633
-2.23 -1.90165656715972
-2.225 -1.94618761260543
-2.22 -1.99290910643541
-2.215 -2.04197360385471
-2.21 -2.09354825392849
-2.205 -2.14781657852874
-2.2 -2.20498051818768
-2.195 -2.26526279276294
-2.19 -2.32890963490371
-2.185 -2.39619396684666
-2.18 -2.46741910674278
-2.175 -2.54292311041967
-2.17 -2.62308387940311
-2.165 -2.70832519773599
-2.16 -2.79912390076807
-2.155 -2.89601843152142
-2.15 -2.99961910839817
-2.145 -3.11062051731203
-2.14 -3.22981655934869
-2.135 -3.35811884242457
-2.13 -3.49657931725029
-2.125 -3.64641834600343
-2.12 -3.80905978825053
-2.115 -3.98617523980179
-2.11 -4.17974033679515
-2.105 -4.39210714675261
-2.1 -4.62609827704881
-2.095 -4.88513070194347
-2.09 -5.17338086539768
-2.085 -5.49600805558433
-2.08 -5.85946154496071
-2.075 -6.27191058649803
-2.07 -6.7438586941483
-2.065 -7.28904143752388
-2.06 -7.92577313408041
-2.055 -8.67902810085453
-2.05 -9.58377065744607
-2.045 -10.6905051312145
-2.04 -12.0749883666342
-2.035 -13.8562672429666
-2.03 -16.2327537099634
-2.025 -19.5615898668482
-2.02 -24.5570606603237
-2.015 -32.8858319793508
-2.01 -49.5479030354163
-2.005 -99.543273026761
-2 6.41326269621729E+15
-1.995 100.466093393511
-1.99 50.4708314873726
-1.985 33.8089406177517
-1.98 25.4804216451517
-1.975 20.4852754422974
-1.97 17.1568362289124
-1.965 14.7808191913871
-1.96 13.000082388063
-1.955 11.6162140513363
-1.95 10.5101675088107
-1.945 9.60618614775421
-1.94 8.85376589760489
-1.935 8.21794272081622
-1.93 7.67374260788048
-1.925 7.2028515745871
-1.92 6.79153441054715
-1.915 6.42928798729309
-1.91 6.10794346390418
-1.905 5.82105200686651
-1.9 5.56345479419282
-1.895 5.33097587572262
-1.89 5.1201987990079
-1.885 4.92830150691741
-1.88 4.75293251104958
-1.875 4.59211678373473
-1.87 4.44418336747618
-1.865 4.30770907139006
-1.86 4.18147423290267
-1.855 4.06442763240912
-1.85 3.95565842521091
-1.845 3.8543735061929
-1.84 3.75987911883696
-1.835 3.67156580826639
-1.83 3.58889602985292
-1.825 3.51139388228231
-1.82 3.43863655199862
-1.815 3.3702471452615
-1.81 3.30588865221317
-1.805 3.24525883978329
-1.8 3.18808591089482
-1.795 3.13412479914903
-1.79 3.08315399308678
-1.785 3.03497280382636
-1.78 2.9893990055519
-1.775 2.94626679086416
-1.77 2.90542499309148
-1.765 2.86673553581291
-1.76 2.83007207647025
-1.755 2.79531881635487
-1.75 2.76236945368989
-1.745 2.73112626018037
-1.74 2.70149926442494
-1.735 2.67340552808944
-1.73 2.64676850283266
-1.725 2.62151745772234
-1.72 2.5975869683458
-1.715 2.57491646005552
-1.71 2.55344979883346
-1.705 2.53313492414211
-1.7 2.51392351888272
-1.695 2.49577071222168
-1.69 2.47863481159455
-1.685 2.46247706066656
-1.68 2.44726142043284
-1.675 2.43295437098883
-1.67 2.41952473180302
-1.665 2.40694349858325
-1.66 2.39518369505516
-1.655 2.38422023816651
-1.65 2.3740298154039
-1.645 2.36459077305719
-1.64 2.35588301439872
-1.635 2.34788790685951
-1.63 2.34058819738548
-1.625 2.33396793524673
-1.62 2.32801240165122
-1.615 2.32270804558412
-1.61 2.31804242535632
-1.605 2.31400415540026
-1.6 2.31058285790064
-1.595 2.30776911889111
-1.59 2.30555444848775
-1.585 2.30393124496486
-1.58 2.30289276241076
-1.575 2.3024330817297
-1.57 2.30254708478227
-1.565 2.30323043147992
-1.56 2.30447953967109
-1.555 2.30629156767622
-1.55 2.30866439934677
-1.545 2.31159663154089
-1.54 2.31508756392328
-1.535 2.31913719101238
-1.53 2.32374619641097
-1.525 2.32891594917029
-1.52 2.33464850224981
-1.515 2.34094659304726
-1.51 2.34781364598525
-1.505 2.35525377715248
-1.5 2.36327180100899
-1.495 2.37187323917671
-1.49 2.38106433134759
-1.485 2.39085204835413
-1.48 2.40124410745871
-1.475 2.41224898993102
-1.47 2.42387596099566
-1.465 2.43613509224598
-1.46 2.44903728663476
-1.455 2.46259430616758
-1.45 2.47681880244115
-1.445 2.49172435018723
-1.44 2.50732548400124
-1.435 2.5236377384556
-1.43 2.54067769182089
-1.425 2.55846301364185
-1.42 2.57701251644313
-1.415 2.59634621186851
-1.41 2.61648537159081
-1.405 2.63745259336535
-1.4 2.65927187263974
-1.395 2.68196868017759
-1.39 2.70557004620224
-1.385 2.73010465162215
-1.38 2.75560292696009
-1.375 2.7820971596771
-1.37 2.80962161065853
-1.365 2.83821264071503
-1.36 2.86790884804813
-1.355 2.89875121773856
-1.35 2.93078328443734
-1.345 2.96405130957847
-1.34 2.99860447458824
-1.335 3.0344950917433
-1.33 3.07177883453164
-1.325 3.11051498959903
-1.32 3.15076673262581
-1.315 3.19260143077715
-1.31 3.23609097471158
-1.305 3.28131214352588
-1.3 3.32834700646459
-1.295 3.37728336574306
-1.29 3.42821524543346
-1.285 3.48124343205804
-1.28 3.53647607334176
-1.275 3.59402934251504
-1.27 3.65402817665282
-1.265 3.71660709881838
-1.26 3.78191113528308
-1.255 3.85009684086192
-1.25 3.92133344749219
-1.245 3.99580415365228
-1.24 4.07370757515089
-1.235 4.15525938131298
-1.23 4.24069414476617
-1.225 4.33026743804708
-1.22 4.42425821628663
-1.215 4.52297153253818
-1.21 4.62674164118197
-1.205 4.73593555565586
-1.2 4.85095714001291
-1.195 4.97225183011465
-1.19 5.10031210043913
-1.185 5.23568381755996
-1.18 5.37897365269925
-1.175 5.53085776516279
-1.17 5.69209201830475
-1.165 5.86352405309841
-1.16 6.04610762565903
-1.155 6.24091971992867
-1.15 6.44918108305607
-1.145 6.6722810096343
-1.14 6.91180743700619
-1.135 7.16958372857648
-1.13 7.4477139457431
-1.125 7.7486389852573
-1.12 8.07520675109112
-1.115 8.4307606321808
-1.11 8.81925211063775
-1.105 9.24538554391424
-1.1 9.71480638180249
-1.095 10.2343488205716
-1.09 10.8123660086811
-1.085 11.4591767958933
-1.08 12.1876800135183
-1.075 13.0142144669834
-1.07 13.959787496887
-1.065 15.0518705684868
-1.06 16.3270926562056
-1.055 17.8354027472561
-1.05 19.6467298477643
-1.045 21.8620829933337
-1.04 24.6329762679337
-1.035 28.1975038394371
-1.03 32.9524900312258
-1.025 39.6122194803675
-1.02 49.6052625338535
-1.015 66.2649514383923
-1.01 99.5912851011892
-1.005 199.584262418649
-1 -2.56530507848692E+16
-0.995 -200.429856320056
-0.99 -100.436954659872
-0.985 -67.1107471262367
-0.98 -50.4512348574001
-0.975 -40.4584189985373
-0.97 -33.7989673709577
-0.965 -29.0443097110755
-0.96 -25.4801614806036
-0.955 -22.7096984703626
-0.95 -20.494826642181
-0.945 -18.684032057382
-0.94 -17.1763058413535
-0.935 -15.9017191647794
-0.93 -14.8103232332094
-0.925 -13.8654892810801
-0.92 -13.0397460682505
-0.915 -12.3120864956663
-0.91 -11.666172016057
-0.905 -11.0891040730807
-0.9 -10.5705641089664
-0.895 -10.1021992844944
-0.89 -9.67717573012493
-0.885 -9.2898483405393
-0.88 -8.9355131207732
-0.875 -8.61021896950262
-0.87 -8.31062289718045
-0.865 -8.03387741814248
-0.86 -7.77754207319894
-0.855 -7.53951325811892
-0.85 -7.31796808664019
-0.845 -7.1113191189259
-0.84 -6.91817757866
-0.835 -6.73732325816881
-0.83 -6.56767973463084
-0.825 -6.40829383516522
-0.82 -6.25831852463748
-0.815 -6.11699856864962
-0.81 -5.98365846050583
-0.805 -5.85769220580884
-0.8 -5.73855463961067
-0.795 -5.62575401447252
-0.79 -5.51884564762533
-0.785 -5.41742645483006
-0.78 -5.32113022988238
-0.775 -5.22962355378388
-0.77 -5.14260223777192
-0.765 -5.05978822070979
-0.76 -4.98092685458764
-0.755 -4.9057845227028
-0.75 -4.83414654395732
-0.745 -4.76581532401475
-0.74 -4.70060872009939
-0.735 -4.63835859123517
-0.73 -4.57890950990049
-0.725 -4.52211761457104
-0.72 -4.46784958555478
-0.715 -4.41598172899522
-0.71 -4.36639915600522
-0.705 -4.3189950456623
-0.7 -4.27366998210063
-0.695 -4.23033135721574
-0.69 -4.18889283159479
-0.685 -4.14927384722315
-0.68 -4.11139918632717
-0.675 -4.0751985714063
-0.67 -4.04060630211104
-0.665 -4.00756092514112
-0.66 -3.97600493379156
-0.655 -3.94588449416558
-0.65 -3.91714919541643
-0.645 -3.88975182167907
-0.64 -3.8636481436139
-0.635 -3.8387967277153
-0.63 -3.81515876173833
-0.625 -3.79269789477594
-0.62 -3.77138009067497
-0.615 -3.75117349361836
-0.61 -3.73204830482367
-0.605 -3.71397666941742
-0.6 -3.69693257264102
-0.595 -3.68089174463132
-0.59 -3.66583157309552
-0.585 -3.6517310232693
-0.58 -3.638570564609
-0.575 -3.62633210372428
-0.57 -3.61499892310816
-0.565 -3.60455562526607
-0.56 -3.5949880818869
-0.555 -3.58628338773652
-0.55 -3.57842981898749
-0.545 -3.57141679573067
-0.54 -3.56523484844186
-0.535 -3.55987558820401
-0.53 -3.55533168050878
-0.525 -3.55159682248469
-0.52 -3.54866572341971
-0.515 -3.5465340884666
-0.51 -3.54519860543773
-0.505 -3.54465693461448
-0.5 -3.54490770151348
-0.495 -3.54595049256918
-0.49 -3.54778585370791
-0.485 -3.55041529180588
-0.48 -3.55384127903889
-0.475 -3.55806726014826
-0.47 -3.56309766266362
-0.465 -3.56893791014036
-0.46 -3.57559443848676
-0.455 -3.58307471547383
-0.45 -3.59138726353966
-0.445 -3.60054168602055
-0.44 -3.61054869696179
-0.435 -3.62142015468378
-0.43 -3.63316909930387
-0.425 -3.64580979443964
-0.42 -3.65935777334924
-0.415 -3.67382988979395
-0.41 -3.68924437394304
-0.405 -3.70562089367832
-0.4 -3.72298062169563
-0.395 -3.74134630884774
-0.39 -3.76074236422112
-0.385 -3.78119494249668
-0.38 -3.80273203920493
-0.375 -3.82538359455602
-0.37 -3.84918160660218
-0.365 -3.87416025457602
-0.36 -3.90035603334546
-0.355 -3.92780790003575
-0.35 -3.95655743399041
-0.345 -3.98664901138304
-0.34 -4.01812999594824
-0.335 -4.05105094747731
-0.33 -4.08546584992709
-0.325 -4.12143236121872
-0.32 -4.15901208706607
-0.315 -4.19827088147195
-0.31 -4.23927917687217
-0.305 -4.28211234730127
-0.3 -4.32685110840397
-0.295 -4.37358195863727
-0.29 -4.42239766660916
-0.285 -4.47339781019458
-0.28 -4.52668937387745
-0.275 -4.58238741170667
-0.27 -4.64061578434908
-0.265 -4.70150798000525
-0.26 -4.76520803045667
-0.255 -4.83187153528171
-0.25 -4.90166680936524
-0.245 -4.97477617129709
-0.24 -5.0513973931871
-0.235 -5.13174533592153
-0.23 -5.21605379806238
-0.225 -5.30457761160768
-0.22 -5.39759502386969
-0.215 -5.49541041203389
-0.21 -5.59835738583018
-0.205 -5.70680234456532
-0.2 -5.82114856801549
-0.195 -5.94184093698701
-0.19 -6.06937139952257
-0.185 -6.20428532380855
-0.18 -6.34718891018512
-0.175 -6.49875787406627
-0.17 -6.65974766141655
-0.165 -6.83100552185965
-0.16 -7.01348484576447
-0.155 -7.20826227651761
-0.15 -7.41655824551448
-0.145 -7.63976175603127
-0.14 -7.87946047818705
-0.135 -8.13747753193429
-0.13 -8.41591675868971
-0.125 -8.71721885841446
-0.12 -9.04423156122206
-0.115 -9.40029810488159
-0.11 -9.78936984280791
-0.105 -10.2161510260252
-0.1 -10.6862870199827
-0.095 -11.2066119585259
-0.09 -11.7854789494624
-0.085 -12.4332068235443
-0.08 -13.1626944145998
-0.075 -13.9902805520072
-0.07 -14.936972621669
-0.065 -16.0302421554384
-0.06 -17.306718215578
-0.055 -18.8163498983552
-0.05 -20.6290663401525
-0.045 -22.8458767280336
-0.04 -25.6182953186511
-0.035 -29.1844164738173
-0.03 -33.9410647321625
-0.025 -40.6025249673764
-0.02 -50.5973677845305
-0.015 -67.2589257099682
-0.01 -100.5871979522
-0.005 -200.582183730745
0.005 199.427707074506
0.01 99.432585131221
0.015 66.1040859312586
0.02 49.4422101691516
0.025 39.4469585306637
0.03 32.784998355713
0.035 28.0277588762112
0.04 24.4609550257575
0.045 21.6877620430727
0.05 19.4700853135472
0.055 17.6564102973733
0.06 16.1457274937465
0.065 14.8681074217121
0.07 13.7736006093303
0.075 12.8255775872734
0.08 11.9965663849152
0.085 11.2655591455273
0.09 10.6162165364874
0.095 10.0356391879089
0.1 9.51350769974633
0.105 9.04146836121399
0.11 8.61268640132542
0.115 8.22151578282109
0.12 7.86325154765972
0.125 7.53394159963484
0.13 7.2302419218124
0.135 6.94930396790812
0.14 6.68868618411913
0.145 6.44628383681617
0.15 6.22027287472807
0.155 6.00906465653839
0.16 5.81126916708492
0.165 5.62566492154822
0.17 5.45117418068956
0.175 5.28684241492786
0.18 5.13182119109156
0.185 4.98535383431205
0.19 4.84676335384755
0.195 4.71544222649051
0.2 4.59084371248069
0.205 4.47247444227667
0.21 4.35988806237495
0.215 4.25267976777342
0.22 4.15048158002189
0.225 4.05295825487879
0.23 3.95980372376411
0.235 3.87073798950688
0.24 3.78550441013535
0.245 3.70386731527488
0.25 3.62560990858839
0.255 3.55053241699807
0.26 3.47845045346787
0.265 3.4091935651399
0.27 3.34260394279764
0.275 3.27853527112299
0.28 3.21685170214753
0.285 3.15742693676919
0.29 3.10014340129121
0.295 3.0448915077097
0.3 2.99156898797882
0.305 2.94008029376428
0.31 2.89033605429099
0.315 2.84225258583002
0.32 2.79575144717649
0.325 2.75075903616538
0.33 2.7072062228729
0.335 2.66502801566997
0.34 2.62416325674641
0.345 2.58455434411553
0.35 2.54614697745107
0.355 2.50888992540689
0.36 2.4727348123305
0.365 2.43763592251071
0.37 2.40355002030074
0.375 2.3704361846348
0.38 2.33825565661275
0.385 2.30697169896414
0.39 2.27654946632603
0.395 2.24695588537602
0.4 2.21815954395812
0.405 2.1901305884243
0.41 2.16284062849034
0.415 2.13626264897195
0.42 2.11037092782818
0.425 2.0851409599921
0.43 2.06054938651808
0.435 2.03657392861766
0.44 2.01319332619499
0.445 1.9903872805282
0.45 1.96813640077376
0.455 1.94642215400016
0.46 1.92522681848195
0.465 1.90453344000897
0.47 1.88432579098606
0.475 1.86458833211753
0.48 1.84530617648806
0.485 1.82646505586693
0.49 1.80805128907677
0.495 1.79005175228081
0.5 1.77245385105429
0.505 1.7552454941164
0.51 1.73841506860871
0.515 1.72195141681493
0.52 1.70584381422506
0.525 1.69008194885419
0.53 1.6746559017331
0.535 1.65955612849396
0.54 1.64477344198016
0.545 1.63029899581444
0.55 1.61612426886435
0.555 1.60224105054836
0.56 1.58864142693017
0.565 1.57531776755224
0.57 1.56226271296331
0.575 1.5494691628974
0.58 1.53693026506519
0.585 1.52463940452099
0.59 1.5125901935712
0.595 1.50077646219235
0.6 1.48919224892901
0.605 1.47783179224379
0.61 1.46668952229337
0.615 1.4557600531066
0.62 1.44503817514153
0.625 1.43451884820048
0.63 1.42419719468313
0.635 1.41406849315895
0.64 1.4041281722415
0.645 1.39437180474828
0.65 1.38479510213072
0.655 1.37539390915974
0.66 1.36616419885354
0.665 1.35710206763463
0.67 1.34820373070427
0.675 1.33946551762306
0.68 1.33088386808679
0.685 1.32245532788801
0.69 1.31417654505343
0.695 1.30604426614871
0.7 1.29805533274178
0.705 1.29020667801739
0.71 1.28249532353488
0.715 1.27491837612253
0.72 1.26747302490164
0.725 1.26015653843419
0.73 1.25296626198802
0.735 1.2458996149141
0.74 1.23895408813042
0.745 1.23212724170751
0.75 1.225416702551
0.755 1.2188201621765
0.76 1.21233537457267
0.765 1.2059601541484
0.77 1.19969237376028
0.775 1.19352996281677
0.78 1.18747090545551
0.785 1.18151323879061
0.79 1.17565505122683
0.795 1.16989448083757
0.8 1.16422971380399
0.805 1.15865898291258
0.81 1.15318056610863
0.815 1.14779278510318
0.82 1.1424940040312
0.825 1.13728262815876
0.83 1.13215710263728
0.835 1.12711591130264
0.84 1.12215757551745
0.845 1.11728065305472
0.85 1.11248373702103
0.855 1.10776545481777
0.86 1.10312446713883
0.865 1.09855946700318
0.87 1.09406917882114
0.875 1.08965235749273
0.88 1.08530778753702
0.885 1.08103428225123
0.89 1.07683068289819
0.895 1.07269585792147
0.9 1.0686287021866
0.905 1.06462813624781
0.91 1.06069310563901
0.915 1.0568225801882
0.92 1.05301555335448
0.925 1.0492710415866
0.93 1.04558808370248
0.935 1.04196574028875
0.94 1.03840309311953
0.945 1.03489924459401
0.95 1.03145331719173
0.955 1.02806445294526
0.96 1.02473181292945
0.965 1.02145457676668
0.97 1.01823194214762
0.975 1.01506312436685
0.98 1.01194735587275
0.985 1.00888388583137
0.99 1.00587197970357
0.995 1.00291091883502
1 1.00000000012234
1.005 0.99713853537253
1.01 0.99432585131221
1.015 0.991561288968878
1.02 0.988844203383031
1.025 0.986173963266593
1.03 0.983549950671392
1.035 0.980971560667394
1.04 0.978438201030301
1.045 0.97594929193827
1.05 0.973504265677361
1.055 0.971102566355534
1.06 0.968743649624789
1.065 0.966426982411289
1.07 0.964152042653123
1.075 0.961918319045507
1.08 0.959725310793213
1.085 0.957572527369824
1.09 0.955459488283862
1.095 0.953385722851341
1.1 0.951350769974634
1.105 0.949354177927469
1.11 0.947395504145796
1.115 0.945474315024425
1.12 0.943590185719166
1.125 0.941742699954355
1.13 0.939931449835612
1.135 0.938156035667596
1.14 0.936416065776678
1.145 0.934711156338345
1.15 0.93304093120921
1.155 0.93140502176345
1.16 0.929803066733587
1.165 0.928234712055455
1.17 0.926699610717226
1.175 0.925197422612376
1.18 0.92372781439648
1.185 0.922290459347729
1.19 0.920885037231035
1.195 0.919511234165649
1.2 0.918168742496138
1.205 0.916857260666717
1.21 0.915576493098739
1.215 0.914326150071285
1.22 0.913105947604817
1.225 0.911915607347727
1.23 0.910754856465746
1.235 0.909623427534117
1.24 0.908521058432485
1.245 0.907447492242346
1.25 0.906402477147098
1.255 0.905385766334507
1.26 0.904397117901645
1.265 0.903436294762073
1.27 0.902503064555364
1.275 0.901597199558821
1.28 0.900718476601309
1.285 0.899866676979219
1.29 0.899041586374452
1.295 0.898242994774363
1.3 0.897470696393647
1.305 0.896724489598107
1.31 0.896004176830207
1.315 0.895309564536458
1.32 0.894640463096476
1.325 0.893996686753748
1.33 0.893378053548056
1.335 0.89278438524944
1.34 0.892215507293779
1.345 0.891671248719858
1.35 0.891151442107873
1.355 0.890655923519446
1.36 0.890184532438979
1.365 0.889737111716409
1.37 0.889313507511273
1.375 0.888913569238052
1.38 0.888537149512843
1.385 0.888184104101195
1.39 0.887854291867154
1.395 0.887547574723528
1.4 0.887263817583249
1.405 0.887002888311843
1.41 0.886764657681039
1.415 0.886548999323359
1.42 0.886355789687836
1.425 0.886184907996642
1.43 0.886036236202772
1.435 0.88590965894868
1.44 0.885805063525796
1.445 0.885722339835049
1.45 0.885661380348193
1.455 0.885622080070073
1.46 0.885604336501699
1.465 0.885608049604172
1.47 0.88563312176345
1.475 0.885679457755829
1.48 0.885746964714268
1.485 0.885835552095458
1.49 0.885945131647616
1.495 0.886075617379002
1.5 0.886226925527145
1.505 0.886398974528782
1.51 0.886591684990443
1.515 0.886804979659688
1.52 0.887038783397032
1.525 0.887293023148451
1.53 0.887567627918545
1.535 0.887862528744267
1.54 0.888177658669284
1.545 0.888512952718869
1.55 0.888868347875394
1.555 0.889243783054339
1.56 0.889639199080893
1.565 0.890054538667015
1.57 0.89048974638909
1.575 0.890944768666007
1.58 0.891419553737811
1.585 0.891914051644782
1.59 0.892428214207007
1.595 0.892961995004447
1.6 0.893515349357409
1.605 0.894088234307491
1.61 0.894680608598955
1.615 0.895292432660557
1.62 0.895923668587746
1.625 0.896574280125299
1.63 0.897244232650374
1.635 0.897933493155935
1.64 0.898642030234558
1.645 0.89936981406264
1.65 0.90011681638497
1.655 0.900883010499633
1.66 0.901668371243338
1.665 0.902472874977026
1.67 0.903296499571863
1.675 0.904139224395566
1.68 0.905001030299017
1.685 0.905881899603284
1.69 0.906781816086869
1.695 0.907700764973352
1.7 0.908638732919247
1.705 0.909595708002262
1.71 0.910571679709765
1.715 0.911566638927608
1.72 0.912580577929181
1.725 0.913613490364786
1.73 0.914665371251255
1.735 0.915736216961863
1.74 0.91682602521651
1.745 0.917934795072094
1.75 0.91906252691325
1.755 0.920209222443259
1.76 0.921374884675228
1.765 0.922559517923526
1.77 0.923763127795419
1.775 0.924985721182997
1.78 0.926227306255294
1.785 0.927487892450626
1.79 0.928767490469196
1.795 0.930066112265868
1.8 0.931383771043189
1.805 0.932720481244624
1.81 0.934076258547991
1.815 0.935451119859094
1.82 0.936845083305584
1.825 0.93825816823098
1.83 0.939690395188945
1.835 0.941141785937702
1.84 0.942612363434655
1.845 0.944102151831236
1.85 0.945611176467873
1.855 0.947139463869197
1.86 0.948687041739389
1.865 0.950253938957751
1.87 0.951840185574394
1.875 0.953445812806137
1.88 0.955070853032579
1.885 0.956715339792334
1.89 0.95837930777939
1.895 0.960062792839717
1.9 0.961765831967944
1.905 0.963488463304273
1.91 0.965230726131495
1.915 0.966992660872199
1.92 0.968774309086117
1.925 0.970575713467605
1.93 0.972396917843311
1.935 0.97423796716998
1.94 0.976098907532358
1.945 0.977979786141343
1.95 0.979880651332147
1.955 0.981801552562728
1.96 0.983742540412272
1.965 0.985703666579842
1.97 0.987684983883195
1.975 0.989686546257675
1.98 0.991708408755299
1.985 0.993750627543899
1.99 0.995813259906531
1.995 0.997896364240843
2 1.00000000012234
2.005 1.00212422804939
2.01 1.00426910982533
2.015 1.00643470830341
2.02 1.00862108745069
2.025 1.01082831234826
2.03 1.01305644919153
2.035 1.01530556529075
2.04 1.01757572907151
2.045 1.01986701007549
2.05 1.02217947896123
2.055 1.02451320750509
2.06 1.02686826860228
2.065 1.02924473626802
2.07 1.03164268563884
2.075 1.03406219297392
2.08 1.03650333565667
2.085 1.03896619219626
2.09 1.04145084222941
2.095 1.04395736652222
2.1 1.0464858469721
2.105 1.04903636660985
2.11 1.05160900960183
2.115 1.05420386125223
2.12 1.05682100800547
2.125 1.05946053744865
2.13 1.06212253831424
2.135 1.06480710048272
2.14 1.06751431498541
2.145 1.0702442740074
2.15 1.07299707089059
2.155 1.07577280013679
2.16 1.07857155741096
2.165 1.08139343954461
2.17 1.08423854453915
2.175 1.08710697156954
2.18 1.08999882098785
2.185 1.09291419432706
2.19 1.09585319430493
2.195 1.09881592482795
2.2 1.10180249099537
2.205 1.10481299910339
2.21 1.10784755664947
2.215 1.11090627233661
2.22 1.11398925607788
2.225 1.11709661900097
2.23 1.12022847345287
2.235 1.12338493300464
2.24 1.12656611245628
2.245 1.12977212784172
2.25 1.13300309643387
2.255 1.13625913674981
2.26 1.13954036855607
2.265 1.14284691287402
2.27 1.14617889198531
2.275 1.1495364294375
2.28 1.15291965004968
2.285 1.1563286799183
2.29 1.15976364642304
2.295 1.1632246782328
2.3 1.16671190531174
2.305 1.17022545892553
2.31 1.17376547164757
2.315 1.17733207736544
2.32 1.18092541128735
2.325 1.18454560994872
2.33 1.18819281121891
2.335 1.191867154308
2.34 1.19556877977366
2.345 1.19929782952821
2.35 1.20305444684563
2.355 1.20683877636885
2.36 1.21065096411701
2.365 1.2144911574929
2.37 1.21835950529044
2.375 1.22225615770232
2.38 1.22618126632772
2.385 1.23013498418015
2.39 1.23411746569534
2.395 1.23812886673932
2.4 1.24216934461655
2.405 1.24623905807814
2.41 1.25033816733026
2.415 1.25446683404255
2.42 1.25862522135673
2.425 1.26281349389521
2.43 1.26703181776996
2.435 1.27128036059136
2.44 1.27555929147715
2.445 1.27986878106165
2.45 1.28420900150488
2.455 1.28858012650196
2.46 1.29298233129248
2.465 1.29741579267011
2.47 1.30188068899227
2.475 1.30637720018985
2.48 1.31090550777712
2.485 1.31546579486176
2.49 1.32005824615495
2.495 1.32468304798161
2.5 1.32934038829072
2.505 1.33403045666582
2.51 1.33875344433557
2.515 1.34350954418443
2.52 1.34829895076349
2.525 1.35312186030139
2.53 1.35797847071537
2.535 1.36286898162245
2.54 1.3677935943507
2.545 1.37275251195065
2.55 1.37774593920686
2.555 1.3827740826495
2.56 1.38783715056619
2.565 1.39293535301388
2.57 1.39806890183087
2.575 1.40323801064896
2.58 1.40844289490574
2.585 1.41368377185698
2.59 1.41896086058914
2.595 1.4242743820321
2.6 1.42962455897185
2.605 1.43501161606352
2.61 1.44043577984432
2.615 1.4458972787468
2.62 1.45139634311215
2.625 1.45693320520361
2.63 1.46250809922011
2.635 1.46812126130995
2.64 1.47377292958468
2.645 1.47946334413304
2.65 1.4851927470352
2.655 1.49096138237689
2.66 1.49676949626394
2.665 1.50261733683675
2.67 1.50850515428501
2.675 1.51443320086257
2.68 1.52040173090235
2.685 1.52641100083153
2.69 1.53246126918681
2.695 1.53855279662983
2.7 1.54468584596272
2.705 1.55086068214386
2.71 1.5570775723037
2.715 1.56333678576085
2.72 1.56963859403819
2.725 1.57598327087926
2.73 1.58237109226467
2.735 1.58880233642883
2.74 1.59527728387673
2.745 1.6017962174008
2.75 1.60835942209819
2.755 1.61496718538792
2.76 1.6216197970284
2.765 1.62831754913502
2.77 1.63506073619789
2.775 1.64184965509982
2.78 1.64868460513442
2.785 1.65556588802437
2.79 1.66249380793986
2.795 1.66946867151723
2.8 1.67649078787774
2.805 1.68356046864655
2.81 1.69067802797186
2.815 1.69784378254426
2.82 1.70505805161616
2.825 1.71232115702154
2.83 1.71963342319577
2.835 1.72699517719568
2.84 1.73440674871976
2.845 1.74186847012863
2.85 1.74938067646556
2.855 1.75694370547736
2.86 1.76455789763526
2.865 1.77222359615621
2.87 1.77994114702412
2.875 1.78771089901151
2.88 1.79553320370125
2.885 1.80340841550855
2.89 1.81133689170305
2.895 1.81931899243126
2.9 1.82735508073909
2.905 1.83544552259464
2.91 1.84359068691116
2.915 1.85179094557026
2.92 1.86004667344535
2.925 1.86835824842514
2.93 1.87672605143759
2.935 1.88515046647391
2.94 1.89363188061277
2.945 1.90217068404491
2.95 1.91076727009769
2.955 1.91942203526013
2.96 1.92813537920805
2.965 1.93690770482939
2.97 1.94573941824989
2.975 1.95463092885891
2.98 1.96358264933549
2.985 1.97259499567464
2.99 1.981668387214
2.995 1.99080324666048
3 2.00000000024468
3.005 2.00925907723903
3.01 2.01858091074892
3.015 2.02796593723137
3.02 2.0374145966504
3.025 2.04692733250522
3.03 2.05650459185881
3.035 2.06614682536668
3.04 2.07585448730589
3.045 2.08562803560438
3.05 2.09546793187052
3.055 2.10537464142296
3.06 2.11534863332069
3.065 2.12539038039347
3.07 2.1355003592724
3.075 2.14567905042088
3.08 2.15592693816587
3.085 2.1662445107292
3.09 2.17663226025947
3.095 2.18709068286405
3.1 2.1976202786414
3.105 2.20822155171374
3.11 2.21889501025987
3.115 2.22964116654847
3.12 2.24046053697159
3.125 2.25135364207838
3.13 2.26232100660933
3.135 2.27336315953061
3.14 2.28448063406878
3.145 2.29567396774588
3.15 2.30694370241477
3.155 2.31829038429477
3.16 2.32971456400768
3.165 2.34121679661407
3.17 2.35279764164996
3.175 2.36445766316375
3.18 2.3761974297535
3.185 2.38801751460462
3.19 2.3999184955278
3.195 2.41190095499735
3.2 2.4239654801898
3.205 2.43611266302298
3.21 2.44834310019534
3.215 2.46065739322559
3.22 2.4730561484929
3.225 2.48553997727715
3.23 2.49810949579989
3.235 2.51076532526536
3.24 2.52350809190207
3.245 2.53633842700466
3.25 2.54925696697621
3.255 2.56226435337081
3.26 2.57536123293672
3.265 2.58854825765966
3.27 2.60182608480666
3.275 2.61519537697031
3.28 2.62865680211326
3.285 2.64221103361331
3.29 2.65585875030877
3.295 2.66960063654427
3.3 2.683437382217
3.305 2.69736968282334
3.31 2.71139823950589
3.315 2.725523759101
3.32 2.73974695418665
3.325 2.75406854313077
3.33 2.76848925014007
3.335 2.78300980530919
3.34 2.79763094467037
3.345 2.81235341024366
3.35 2.82717795008723
3.355 2.84210531834864
3.36 2.85713627531615
3.365 2.8722715874707
3.37 2.88751202753835
3.375 2.90285837454301
3.38 2.91831141385998
3.385 2.93387193726967
3.39 2.94954074301187
3.395 2.96531863584067
3.4 2.98120642707972
3.405 2.99720493467792
3.41 3.01331498326594
3.415 3.02953740421277
3.42 3.04587303568328
3.425 3.06232272269589
3.43 3.07888731718101
3.435 3.09556767803995
3.44 3.11236467120424
3.445 3.12927916969573
3.45 3.14631205368695
3.455 3.1634642105623
3.46 3.1807365349795
3.465 3.19812992893183
3.47 3.21564530181091
3.475 3.23328357046987
3.48 3.25104565928725
3.485 3.26893250023146
3.49 3.28694503292582
3.495 3.30508420471411
3.5 3.32335097072679
3.505 3.34174629394787
3.51 3.36027114528228
3.515 3.37892650362384
3.52 3.39771335592399
3.525 3.41663269726101
3.53 3.4356855309099
3.535 3.45487286841291
3.54 3.47419572965077
3.545 3.49365514291441
3.55 3.51325214497749
3.555 3.53298778116946
3.56 3.55286310544945
3.565 3.5728791804806
3.57 3.59303707770534
3.575 3.61333787742107
3.58 3.63378266885681
3.585 3.65437255025029
3.59 3.67510862892588
3.595 3.6959920213733
3.6 3.71702385332682
3.605 3.73820525984548
3.61 3.75953738539367
3.615 3.78102138392288
3.62 3.80265841895383
3.625 3.82444966365948
3.63 3.84639630094889
3.635 3.86849952355173
3.64 3.89076053410354
3.645 3.9131805452319
3.65 3.93576077964328
3.655 3.95850247021065
3.66 3.98140686006208
3.665 4.00447520266993
3.67 4.02770876194098
3.675 4.05110881230738
3.68 4.07467663881829
3.685 4.09841353723267
3.69 4.12232081411251
3.695 4.1463997869174
3.7 4.17065178409934
3.705 4.19507814519913
3.71 4.21968022094302
3.715 4.2444593733407
3.72 4.26941697578388
3.725 4.29455441314597
3.73 4.31987308188255
3.735 4.34537439013286
3.74 4.37105975782223
3.745 4.39693061676521
3.75 4.42298841077002
3.755 4.44923459574372
3.76 4.47567063979839
3.765 4.50229802335834
3.77 4.52911823926816
3.775 4.556132792902
3.78 4.5833432022737
3.785 4.61075099814786
3.79 4.63835772415221
3.795 4.66616493689067
3.8 4.69417420605767
3.805 4.72238711455356
3.81 4.75080525860094
3.815 4.77943024786208
3.82 4.80826370555758
3.825 4.83730726858584
3.83 4.86656258764403
3.835 4.89603132734976
3.84 4.92571516636413
3.845 4.95561579751596
3.85 4.98573492792686
3.855 5.01607427913786
3.86 5.04663558723686
3.865 5.07742060298753
3.87 5.10843109195921
3.875 5.13966883465808
3.88 5.1711356266596
3.885 5.20283327874217
3.89 5.23476361702181
3.895 5.26692848308851
3.9 5.29932973414337
3.905 5.33196924313743
3.91 5.36484889891146
3.915 5.39797060633731
3.92 5.43133628646041
3.925 5.46494787664353
3.93 5.49880733071214
3.935 5.53291661910093
3.94 5.56727772900156
3.945 5.60189266451227
3.95 5.63676344678818
3.955 5.67189211419369
3.96 5.70728072245584
3.965 5.74293134481914
3.97 5.77884607220219
3.975 5.81502701335525
3.98 5.85147629501977
3.985 5.8881960620888
3.99 5.92518847776985
3.995 5.96245572374814
4 6.00000000073404
4.005 6.03782352710329
4.01 6.07592854135424
4.015 6.1143173007526
4.02 6.1529920818842
4.025 6.1919551808283
4.03 6.2312089133322
4.035 6.27075561498788
4.04 6.31059764140989
4.045 6.35073736841534
4.05 6.39117719220509
4.055 6.43191952954713
4.06 6.47296681796131
4.065 6.514321515906
4.07 6.55598610296627
4.075 6.59796308004422
4.08 6.64025496955089
4.085 6.68286431559958
4.09 6.72579368420175
4.095 6.76904566346423
4.1 6.81262286378835
4.105 6.85652791807117
4.11 6.90076348190819
4.115 6.9453322337985
4.12 6.99023687535136
4.125 7.03548013149494
4.13 7.08106475068722
4.135 7.12699350512847
4.14 7.17326919097598
4.145 7.2198946285608
4.15 7.26687266260654
4.155 7.31420616245001
4.16 7.36189802226425
4.165 7.40995116128354
4.17 7.45836852403039
4.175 7.50715308054492
4.18 7.55630782661615
4.185 7.60583578401573
4.19 7.65574000073374
4.195 7.70602355121654
4.2 7.75668953660737
4.205 7.80774108498866
4.21 7.85918135162704
4.215 7.91101351922029
4.22 7.96324079814709
4.225 8.01586642671881
4.23 8.06889367143366
4.235 8.12232582723344
4.24 8.17616621776271
4.245 8.23041819563013
4.25 8.28508514267269
4.255 8.34017047022199
4.26 8.39567761937372
4.265 8.4516100612588
4.27 8.50797129731776
4.275 8.56476485957775
4.28 8.62199431093149
4.285 8.67966324541971
4.29 8.73777528851585
4.295 8.79633409741338
4.3 8.85534336131611
4.305 8.91480680173115
4.31 8.97472817276449
4.315 9.03511126141985
4.32 9.09595988789967
4.325 9.1572779059098
4.33 9.21906920296644
4.335 9.28133770070614
4.34 9.34408735519905
4.345 9.40732215726501
4.35 9.47104613279229
4.355 9.53526334305969
4.36 9.59997788506226
4.365 9.66519389183892
4.37 9.73091553280425
4.375 9.79714701408267
4.38 9.86389257884674
4.385 9.93115650765783
4.39 9.99894311881025
4.395 10.0672567686791
4.4 10.136101852071
4.405 10.2054828025783
4.41 10.2754040929369
4.415 10.3458702353866
4.42 10.4168857820368
4.425 10.4884553252334
4.43 10.5605834979309
4.435 10.6332749740672
4.44 10.7065344689426
4.445 10.7803667396018
4.45 10.85477658522
4.455 10.9297688474928
4.46 11.0053484110291
4.465 11.0815202037488
4.47 11.1582891972839
4.475 11.2356604073828
4.48 11.3136388943196
4.485 11.3922297633066
4.49 11.4714381649111
4.495 11.5512692954758
4.5 11.6317283975438
4.505 11.7128207602873
4.51 11.7945517199408
4.515 11.8769266602378
4.52 11.9599510128524
4.525 12.043630257845
4.53 12.1279699241119
4.535 12.2129755898396
4.54 12.2986528829637
4.545 12.3850074816316
4.55 12.4720451146701
4.555 12.5597715620574
4.56 12.6481926554001
4.565 12.7373142784134
4.57 12.8271423674081
4.575 12.9176829117803
4.58 13.0089419545074
4.585 13.1009255926473
4.59 13.1936399778439
4.595 13.2870913168369
4.6 13.3812858719766
4.605 13.4762299617429
4.61 13.5719299612711
4.615 13.6683923028812
4.62 13.7656234766129
4.625 13.8636300307656
4.63 13.9624185724445
4.635 14.0619957681105
4.64 14.1623683441369
4.645 14.2635430873703
4.65 14.365526845698
4.655 14.4683265286199
4.66 14.5719491078272
4.665 14.6764016177853
4.67 14.7816911563234
4.675 14.8878248852296
4.68 14.9948100308513
4.685 15.1026538847024
4.69 15.2113638040753
4.695 15.3209472126598
4.7 15.4314116011676
4.705 15.5427645279628
4.71 15.6550136196986
4.715 15.7681665719607
4.72 15.882231149916
4.725 15.9972151889688
4.73 16.1131265954219
4.735 16.2299733471462
4.74 16.3477634942552
4.745 16.4665051597857
4.75 16.5862065403876
4.755 16.7068759070177
4.76 16.8285216056419
4.765 16.9511520579442
4.77 17.074775762041
4.775 17.1994012932051
4.78 17.3250373045946
4.785 17.4516925279897
4.79 17.5793757745369
4.795 17.7080959355001
4.8 17.8378619830192
4.805 17.9686829708763
4.81 18.1005680352696
4.815 18.233526395594
4.82 18.36756735523
4.825 18.5027003023409
4.83 18.6389347106766
4.835 18.7762801403863
4.84 18.9147462388383
4.845 19.0543427414488
4.85 19.1950794725184
4.855 19.3369663460765
4.86 19.4800133667343
4.865 19.6242306305468
4.87 19.7696283258822
4.875 19.9162167343001
4.88 20.0640062314392
4.885 20.2130072879133
4.89 20.3632304702148
4.895 20.5146864416297
4.9 20.6673859631592
4.905 20.8213398944517
4.91 20.9765591947438
4.915 21.1330549238106
4.92 21.2908382429248
4.925 21.4499204158259
4.93 21.6103128096987
4.935 21.7720268961622
4.94 21.9350742522662
4.945 22.0994665615009
4.95 22.2652156148133
4.955 22.4323333116361
4.96 22.6008316609251
4.965 22.7707227822079
4.97 22.9420189066427
4.975 23.1147323780872
4.98 23.2888756541787
4.985 23.4644613074239
4.99 23.6415020263017
4.995 23.8200106163738
5 24.0000000029362


0.005 5.29545178907722
0.01 4.59947986716721
0.015 4.19123054837267
0.02 3.90080450528345
0.025 3.67495693660004
0.03 3.48997103268698
0.035 3.33319539666546
0.04 3.19707816307097
0.045 3.0767481295267
0.05 2.96887919041412
0.055 2.87109889636913
0.06 2.78165545250186
0.065 2.69921846677
0.07 2.62275375008187
0.075 2.55144141547947
0.08 2.48462046367448
0.085 2.42175019774647
0.09 2.36238268348345
0.095 2.30614266558335
0.1 2.25271264138442
0.105 2.20182158011734
0.11 2.15323626881452
0.115 2.10675458349397
0.12 2.06220019345746
0.125 2.01941834734442
0.13 1.97827248615019
0.135 1.93864149579494
0.14 1.90041745958347
0.145 1.86350380523092
0.15 1.82781376614359
0.155 1.79326909509121
0.16 1.7597989821647
0.165 1.72733913928244
0.17 1.69583102139835
0.175 1.6652211606249
0.18 1.63546059417729
0.185 1.6065043707089
0.19 1.57831112248967
0.195 1.55084269316208
0.2 1.52406381262914
0.205 1.49794181208918
0.21 1.47244637341122
0.215 1.44754930800105
0.22 1.42322436108924
0.225 1.39944703801219
0.23 1.37619444958534
0.235 1.35344517410445
0.24 1.33117913387389
0.245 1.30937748446446
0.25 1.28802251515743
0.255 1.26709755924542
0.26 1.2465869130416
0.265 1.22647576260174
0.27 1.20675011729395
0.275 1.1873967494623
0.28 1.16840313952515
0.285 1.14975742593122
0.29 1.13144835946632
0.295 1.11346526146455
0.3 1.09579798553013
0.305 1.07843688242172
0.31 1.06137276779073
0.315 1.04459689249944
0.32 1.02810091527544
0.325 1.01187687748475
0.33 0.99591717982979
0.335 0.980214560798409
0.34 0.964762076708304
0.345 0.949553083207193
0.35 0.934581218103001
0.355 0.919840385410857
0.36 0.905324740514873
0.365 0.891028676352411
0.37 0.876946810537365
0.375 0.863073973346876
0.38 0.849405196502853
0.385 0.835935702686033
0.39 0.822660895725711
0.395 0.809576351413757
0.4 0.79667780889558
0.405 0.783961162595203
0.41 0.771422454635046
0.415 0.759057867714553
0.42 0.746863718414529
0.425 0.73483645089718
0.43 0.722972630973934
0.435 0.711268940515635
0.44 0.69972217218157
0.445 0.688329224445814
0.45 0.677087096900872
0.455 0.66599288582033
0.46 0.655043779963457
0.465 0.644237056606139
0.47 0.633570077783612
0.475 0.623040286731552
0.48 0.612645204513006
0.485 0.60238242681974
0.49 0.59224962093721
0.495 0.582244522863147
0.5 0.572364934570578
0.505 0.56260872140668
0.51 0.552973809619342
0.515 0.543458184004044
0.52 0.534059885664105
0.525 0.524777009877734
0.53 0.515607704065825
0.535 0.506550165854877
0.54 0.497602641229696
0.545 0.488763422770885
0.55 0.480030847972597
0.555 0.471403297636037
0.56 0.462879194334824
0.565 0.454457000948179
0.57 0.446135219258561
0.575 0.437912388610248
0.58 0.429787084625727
0.585 0.421757917976962
0.59 0.413823533208672
0.595 0.405982607611105
0.6 0.39823385013965
0.605 0.39057600037913
0.61 0.383007827550492
0.615 0.375528129557832
0.62 0.368135732073773
0.625 0.360829487661416
0.63 0.353608274931057
0.635 0.346470997730068
0.64 0.339416584364326
0.645 0.332443986849805
0.65 0.325552180192869
0.655 0.318740161697949
0.66 0.312006950301431
0.665 0.305351585930465
0.67 0.298773128885658
0.675 0.292270659246564
0.68 0.285843276298948
0.685 0.279490097982904
0.69 0.27321026036085
0.695 0.267002917104664
0.7 0.260867239001004
0.705 0.25480241347412
0.71 0.2488076441254
0.715 0.242882150288943
0.72 0.2370251666025
0.725 0.231235942593136
0.73 0.225513742276982
0.735 0.219857843772581
0.74 0.214267538927222
0.745 0.208742132955693
0.75 0.203280944091058
0.755 0.197883303246919
0.76 0.192548553690739
0.765 0.187276050727696
0.77 0.182065161394844
0.775 0.176915264165021
0.78 0.171825748660158
0.785 0.166796015373708
0.79 0.161825475401775
0.795 0.156913550182623
0.8 0.152059671244277
0.805 0.147263279959886
0.81 0.142523827310656
0.815 0.137840773655836
0.82 0.133213588509827
0.825 0.1286417503259
0.83 0.124124746286379
0.835 0.119662072099061
0.84 0.115253231799638
0.845 0.110897737559933
0.85 0.10659510950168
0.855 0.102344875515728
0.86 0.098146571086424
0.865 0.0939997391210829
0.87 0.0899039297841938
0.875 0.0858587003364458
0.88 0.0818636149781682
0.885 0.0779182446972289
0.89 0.0740221671210885
0.895 0.0701749663729931
0.9 0.0663762329320846
0.905 0.0626255634973673
0.91 0.058922560855306
0.915 0.0552668337510581
0.92 0.0516579967631409
0.925 0.048095670181427
0.93 0.0445794798883995
0.935 0.0411090572435429
0.94 0.0376840389707398
0.945 0.0343040670486591
0.95 0.0309687886039274
0.955 0.0276778558071097
0.96 0.0244309257713262
0.965 0.0212276604534859
0.97 0.0180677265580156
0.975 0.0149507954430194
0.98 0.0118765430287994
0.985 0.00884464970866209
0.99 0.00585480026195472
0.995 0.00290668376925342
1 -1.09350976051914E-08
1.005 -0.00286557747081827
1.01 -0.00569031882087911
1.015 -0.0084745295072564
1.02 -0.011218500144693
1.025 -0.0139225175138979
1.03 -0.0165868646329981
1.035 -0.0192118208272666
1.04 -0.0217976617972278
1.045 -0.0243446596851158
1.05 -0.026853083139873
1.055 -0.0293231973805337
1.06 -0.0317552642581784
1.065 -0.0341495423164968
1.07 -0.0365062868509067
1.075 -0.0388257499663536
1.08 -0.0411081806337769
1.085 -0.0433538247453534
1.09 -0.0455629251684225
1.095 -0.0477357217982507
1.1 -0.0498724516096251
1.105 -0.0519733487072727
1.11 -0.0540386443751975
1.115 -0.0560685671249131
1.12 -0.0580633427426269
1.125 -0.0600231943354142
1.13 -0.0619483423763639
1.135 -0.0638390047487634
1.14 -0.0656953967893583
1.145 -0.0675177313306446
1.15 -0.0693062187422885
1.155 -0.0710610669716814
1.16 -0.0727824815836114
1.165 -0.074470665799116
1.17 -0.0761258205335242
1.175 -0.0777481444337256
1.18 -0.0793378339146378
1.185 -0.080895083194913
1.19 -0.0824200843319842
1.195 -0.0839130272563098
1.2 -0.0853740998049593
1.205 -0.0868034877545479
1.21 -0.0882013748534516
1.215 -0.0895679428534205
1.22 -0.0909033715405334
1.225 -0.0922078387655307
1.23 -0.0934815204736024
1.235 -0.0947245907335299
1.24 -0.0959372217662567
1.245 -0.0971195839729525
1.25 -0.0982718459624626
1.255 -0.0993941745782902
1.26 -0.100486734925009
1.265 -0.101549690394179
1.27 -0.102583202689814
1.275 -0.103587431853265
1.28 -0.104562536287736
1.285 -0.105508672782268
1.29 -0.106425996535297
1.295 -0.10731466117777
1.3 -0.108174818795807
1.305 -0.109006619953001
1.31 -0.109810213712213
1.315 -0.110585747657064
1.32 -0.111333367912922
1.325 -0.112053219167652
1.33 -0.112745444691821
1.335 -0.113410186358661
1.34 -0.114047584663626
1.345 -0.114657778743584
1.35 -0.115240906395676
1.355 -0.115797104095864
1.36 -0.11632650701711
1.365 -0.116829249047234
1.37 -0.117305462806502
1.375 -0.11775527966485
1.38 -0.118178829758853
1.385 -0.11857624200832
1.39 -0.118947644132734
1.395 -0.119293162667259
1.4 -0.119612922978575
1.405 -0.119907049280395
1.41 -0.120175664648737
1.415 -0.120418891036886
1.42 -0.120636849290194
1.425 -0.12082965916054
1.43 -0.120997439320595
1.435 -0.121140307377818
1.44 -0.12125837988826
1.445 -0.121351772370083
1.45 -0.1214205993169
1.455 -0.121464974210857
1.46 -0.121485009535539
1.465 -0.121480816788642
1.47 -0.121452506494421
1.475 -0.121400188215944
1.48 -0.121323970567194
1.485 -0.121223961224915
1.49 -0.121100266940255
1.495 -0.1209529935503
1.5 -0.120782245989367
1.505 -0.120588128300098
1.51 -0.120370743644424
1.515 -0.120130194314357
1.52 -0.119866581742559
1.525 -0.11958000651278
1.53 -0.119270568370145
1.535 -0.118938366231254
1.54 -0.118583498194121
1.545 -0.118206061548008
1.55 -0.117806152783023
1.555 -0.117383867599664
1.56 -0.116939300918118
1.565 -0.116472546887517
1.57 -0.11598369889498
1.575 -0.115472849574538
1.58 -0.114940090815945
1.585 -0.114385513773319
1.59 -0.113809208873701
1.595 -0.113211265825402
1.6 -0.112591773626341
1.605 -0.111950820572166
1.61 -0.111288494264288
1.615 -0.110604881617788
1.62 -0.109900068869227
1.625 -0.109174141584319
1.63 -0.108427184665501
1.635 -0.107659282359377
1.64 -0.106870518264094
1.645 -0.106060975336559
1.65 -0.105230735899586
1.655 -0.104379881648936
1.66 -0.103508493660235
1.665 -0.102616652395818
1.67 -0.101704437711467
1.675 -0.100771928863043
1.68 -0.0998192045130361
1.685 -0.0988463427370075
1.69 -0.0978534210299822
1.695 -0.0968405163126806
1.7 -0.0958077049377283
1.705 -0.0947550626957488
1.71 -0.0936826648213757
1.715 -0.0925905859991863
1.72 -0.0914789003695363
1.725 -0.0903476815343266
1.73 -0.0891970025627181
1.735 -0.0880269359967201
1.74 -0.0868375538567
1.745 -0.085628927646885
1.75 -0.0844011283607229
1.755 -0.0831542264861936
1.76 -0.0818882920110218
1.765 -0.0806033944279055
1.77 -0.0792996027395635
1.775 -0.0779769854637691
1.78 -0.0766356106383418
1.785 -0.0752755458260204
1.79 -0.073896858119295
1.795 -0.0724996141451818
1.8 -0.0710838800699332
1.805 -0.0696497216036878
1.81 -0.0681972040049968
1.815 -0.0667263920854378
1.82 -0.0652373502140109
1.825 -0.063730142321556
1.83 -0.0622048319051145
1.835 -0.0606614820322208
1.84 -0.0591001553451402
1.845 -0.0575209140650303
1.85 -0.0559238199960952
1.855 -0.054308934529649
1.86 -0.0526763186481606
1.865 -0.0510260329291748
1.87 -0.0493581375493138
1.875 -0.0476726922880768
1.88 -0.0459697565317168
1.885 -0.0442493892769786
1.89 -0.042511649134863
1.895 -0.0407565943342886
1.9 -0.0389842827257423
1.905 -0.0371947717848436
1.91 -0.0353881186159353
1.915 -0.0335643799555576
1.92 -0.0317236121759101
1.925 -0.0298658712882848
1.93 -0.0279912129464356
1.935 -0.0260996924499071
1.94 -0.0241913647473476
1.945 -0.0222662844397351
1.95 -0.020324505783623
1.955 -0.0183660826942971
1.96 -0.0163910687489289
1.965 -0.0143995171896654
1.97 -0.012391480926693
1.975 -0.0103670125412705
1.98 -0.00832616428872002
1.985 -0.0062689881013871
1.99 -0.00419553559154673
1.995 -0.00210585805429087
2 -1.09350976051914E-08
2.005 0.00212196404022091
2.01 0.00426001203228854
2.015 0.00641408298649437
2.02 0.00858412715148671
2.025 0.0107700950764735
2.03 0.0129719376085463
2.035 0.0151896058900657
2.04 0.0174230513560535
2.045 0.0196722257316585
2.05 0.021937081029559
2.055 0.0242175695474959
2.06 0.0265136438657975
2.065 0.0288252568448916
2.07 0.0311523616229086
2.075 0.0334949116132724
2.08 0.0358528605023515
2.085 0.0382261622470694
2.09 0.0406147710726299
2.095 0.0430186414702143
2.1 0.0454377281946998
2.105 0.0478719862624434
2.11 0.0503213709490458
2.115 0.0527858377871689
2.12 0.0552653425643763
2.125 0.0577598413209692
2.13 0.0602692903478854
2.135 0.0627936461846023
2.14 0.0653328656170459
2.145 0.0678869056755583
2.15 0.0704557236328706
2.155 0.0730392770020755
2.16 0.0756375235346618
2.165 0.078250421218548
2.17 0.0808779282761405
2.175 0.0835200031623965
2.18 0.0861766045629351
2.185 0.0888476913921815
2.19 0.0915332227914538
2.195 0.0942331581271646
2.2 0.0969474569889953
2.205 0.0996760791880705
2.21 0.102418984755198
2.215 0.105176133939091
2.22 0.107947487204632
2.225 0.11073300523116
2.23 0.113532648910724
2.235 0.116346379346412
2.24 0.119174157850689
2.245 0.122015945943719
2.25 0.124871705351747
2.255 0.127741398005457
2.26 0.130624986038377
2.265 0.133522431785305
2.27 0.136433697780686
2.275 0.139358746757125
2.28 0.14229754164379
2.285 0.145250045564915
2.29 0.148216221838284
2.295 0.151196033973731
2.3 0.154189445671683
2.305 0.157196420821655
2.31 0.160216923500848
2.315 0.163250917972664
2.32 0.166298368685358
2.325 0.169359240270534
2.33 0.172433497541842
2.335 0.175521105493552
2.34 0.178622029299194
2.345 0.181736234310218
2.35 0.184863686054662
2.355 0.1880043502358
2.36 0.191158192730852
2.365 0.194325179589689
2.37 0.197505277033532
2.375 0.200698451453684
2.38 0.203904669410261
2.385 0.207123897630981
2.39 0.210356103009867
2.395 0.21360125260607
2.4 0.216859313642638
2.405 0.220130253505314
2.41 0.22341403974134
2.415 0.226710640058315
2.42 0.230020022322975
2.425 0.233342154560072
2.43 0.236677004951221
2.435 0.240024541833767
2.44 0.243384733699649
2.445 0.246757549194313
2.45 0.250142957115583
2.455 0.253540926412599
2.46 0.256951426184706
2.465 0.260374425680389
2.47 0.263809894296232
2.475 0.267257801575839
2.48 0.270718117208829
2.485 0.274190811029749
2.49 0.277675853017113
2.495 0.28117321329235
2.5 0.284682862118797
2.505 0.288204769900741
2.51 0.291738907182409
2.515 0.295285244646975
2.52 0.298843753115626
2.525 0.302414403546596
2.53 0.305997167034199
2.535 0.309592014807907
2.54 0.313198918231417
2.545 0.3168178488017
2.55 0.320448778148131
2.555 0.324091678031533
2.56 0.327746520343328
2.565 0.3314132771046
2.57 0.335091920465237
2.575 0.338782422703058
2.58 0.34248475622293
2.585 0.346198893555925
2.59 0.34992480735844
2.595 0.35366247041141
2.6 0.357411855619395
2.605 0.361172936009814
2.61 0.364945684732084
2.615 0.368730075056832
2.62 0.372526080375066
2.625 0.376333674197382
2.63 0.38015283015317
2.635 0.383983521989839
2.64 0.387825723572013
2.645 0.391679408880776
2.65 0.395544552012904
2.655 0.39942112718009
2.66 0.403309108708217
2.665 0.407208471036589
2.67 0.411119188717196
2.675 0.415041236413986
2.68 0.418974588902131
2.685 0.422919221067317
2.69 0.426875107905
2.695 0.430842224519733
2.7 0.434820546124442
2.705 0.438810048039731
2.71 0.442810705693193
2.715 0.446822494618717
2.72 0.450845390455833
2.725 0.454879368948996
2.73 0.458924405946969
2.735 0.462980477402103
2.74 0.467047559369738
2.745 0.471125628007506
2.75 0.4752146595747
2.755 0.479314630431636
2.76 0.483425517039038
2.765 0.487547295957355
2.77 0.491679943846174
2.775 0.49582343746361
2.78 0.499977753665652
2.785 0.504142869405582
2.79 0.508318761733369
2.795 0.51250540779506
2.8 0.516702784832184
2.805 0.520910870181156
2.81 0.525129641272738
2.815 0.529359075631376
2.82 0.533599150874693
2.825 0.537849844712899
2.83 0.542111134948215
2.835 0.546382999474313
2.84 0.550665416275754
2.845 0.554958363427465
2.85 0.559261819094138
2.855 0.563575761529749
2.86 0.56790016907695
2.865 0.572235020166604
2.87 0.576580293317182
2.875 0.580935967134297
2.88 0.585302020310141
2.885 0.589678431622995
2.89 0.594065179936688
2.895 0.598462244200101
2.9 0.602869603446653
2.905 0.607287236793821
2.91 0.611715123442603
2.915 0.616153242677052
2.92 0.62060157386378
2.925 0.625060096451463
2.93 0.629528789970358
2.935 0.634007634031838
2.94 0.638496608327889
2.945 0.642995692630675
2.95 0.647504866792032
2.955 0.652024110743032
2.96 0.656553404493497
2.965 0.661092728131559
2.97 0.665642061823204
2.975 0.670201385811815
2.98 0.674770680417724
2.985 0.679349926037768
2.99 0.683939103144854
2.995 0.688538192287536
3 0.693147169624848
3.005 0.697766024798753
3.01 0.702394734103273
3.015 0.707033278385141
3.02 0.7116816385646
3.025 0.716339795634976
3.03 0.721007730662242
3.035 0.725685424784624
3.04 0.730372859212179
3.045 0.735070015226424
3.05 0.739776874179876
3.055 0.744493417495694
3.06 0.749219626667287
3.065 0.753955483257888
3.07 0.758700968900186
3.075 0.763456065295934
3.08 0.768220754215578
3.085 0.772995017497834
3.09 0.777778837049349
3.095 0.782572194844315
3.1 0.787375072924077
3.105 0.792187453396788
3.11 0.797009318437021
3.115 0.80184065028541
3.12 0.806681431248297
3.125 0.811531643697349
3.13 0.816391270069219
3.135 0.82126029286519
3.14 0.826138694650806
3.145 0.831026458055539
3.15 0.835923565772442
3.155 0.840830000557787
3.16 0.845745745230736
3.165 0.850670782673001
3.17 0.855605095828509
3.175 0.860548667703044
3.18 0.865501481363933
3.185 0.870463519939735
3.19 0.875434766619863
3.195 0.880415204654299
3.2 0.885404817353266
3.205 0.89040358808688
3.21 0.895411500284859
3.215 0.90042853743619
3.22 0.90545468308882
3.225 0.910489920849363
3.23 0.915534234382751
3.235 0.920587607411944
3.24 0.925650023717637
3.245 0.930721467137936
3.25 0.935801921568076
3.255 0.940891370960099
3.26 0.945989799322572
3.265 0.951097190720302
3.27 0.956213529273997
3.275 0.961338799160038
3.28 0.96647298461014
3.285 0.971616069911083
3.29 0.976768039404432
3.295 0.98192887748624
3.3 0.987098568606787
3.305 0.992277097270267
3.31 0.99746444803455
3.315 1.00266060551086
3.32 1.00786555436358
3.325 1.01307927930985
3.33 1.01830176511945
3.335 1.02353299661441
3.34 1.0287729586688
3.345 1.03402163620846
3.35 1.03927901421073
3.355 1.04454507770418
3.36 1.04981981176837
3.365 1.05510320153359
3.37 1.06039523218057
3.375 1.06569588894029
3.38 1.07100515709364
3.385 1.07632302197129
3.39 1.08164946895329
3.395 1.08698448346895
3.4 1.09232805099654
3.405 1.09768015706304
3.41 1.1030407872439
3.415 1.10840992716285
3.42 1.11378756249157
3.425 1.11917367894952
3.43 1.12456826230368
3.435 1.12997129836832
3.44 1.13538277300476
3.445 1.14080267212115
3.45 1.14623098167222
3.455 1.15166768765908
3.46 1.15711277612898
3.465 1.16256623317504
3.47 1.16802804493612
3.475 1.17349819759649
3.48 1.17897667738572
3.485 1.18446347057834
3.49 1.18995856349373
3.495 1.19546194249583
3.5 1.20097359399295
3.505 1.20649350443757
3.51 1.2120216603261
3.515 1.21755804819868
3.52 1.22310265463896
3.525 1.22865546627392
3.53 1.23421646977363
3.535 1.23978565185105
3.54 1.24536299926186
3.545 1.25094849880419
3.55 1.25654213731847
3.555 1.2621439016872
3.56 1.2677537788348
3.565 1.27337175572733
3.57 1.27899781937237
3.575 1.28463195681876
3.58 1.29027415515646
3.585 1.29592440151632
3.59 1.30158268306989
3.595 1.30724898702926
3.6 1.31292330064683
3.605 1.31860561121514
3.61 1.32429590606669
3.615 1.32999417257372
3.62 1.33570039814807
3.625 1.34141457024097
3.63 1.34713667634284
3.635 1.35286670398316
3.64 1.35860464073024
3.645 1.36435047419104
3.65 1.37010419201103
3.655 1.37586578187399
3.66 1.38163523150182
3.665 1.3874125286544
3.67 1.39319766112935
3.675 1.39899061676196
3.68 1.4047913834249
3.685 1.41059994902815
3.69 1.41641630151875
3.695 1.42224042888069
3.7 1.42807231913473
3.705 1.43391196033818
3.71 1.4397593405848
3.715 1.44561444800462
3.72 1.45147727076374
3.725 1.4573477970642
3.73 1.46322601514384
3.735 1.46911191327605
3.74 1.47500547976972
3.745 1.480906702969
3.75 1.48681557125318
3.755 1.49273207303651
3.76 1.4986561967681
3.765 1.50458793093165
3.77 1.51052726404542
3.775 1.51647418466201
3.78 1.5224286813682
3.785 1.52839074278483
3.79 1.53436035756664
3.795 1.54033751440212
3.8 1.54632220201334
3.805 1.55231440915582
3.81 1.55831412461839
3.815 1.56432133722303
3.82 1.57033603582472
3.825 1.5763582093113
3.83 1.58238784660336
3.835 1.58842493665403
3.84 1.59446946844887
3.845 1.60052143100576
3.85 1.6065808133747
3.855 1.61264760463772
3.86 1.61872179390871
3.865 1.62480337033331
3.87 1.63089232308871
3.875 1.63698864138361
3.88 1.643092314458
3.885 1.64920333158306
3.89 1.65532168206103
3.895 1.66144735522506
3.9 1.66758034043908
3.905 1.6737206270977
3.91 1.679868204626
3.915 1.68602306247951
3.92 1.69218519014397
3.925 1.69835457713528
3.93 1.70453121299933
3.935 1.7107150873119
3.94 1.71690618967848
3.945 1.72310450973422
3.95 1.72931003714376
3.955 1.73552276160109
3.96 1.74174267282947
3.965 1.74796976058125
3.97 1.75420401463781
3.975 1.76044542480941
3.98 1.76669398093504
3.985 1.77294967288233
3.99 1.77921249054745
3.995 1.78548242385495
4 1.79175945829296
4.005 1.79804359278592
4.01 1.80433481286406
4.015 1.81063310856429
4.02 1.81693846995138
4.025 1.82325088711778
4.03 1.82957035018352
4.035 1.83589684929609
4.04 1.84223037463031
4.045 1.84857091638828
4.05 1.8549184647992
4.055 1.86127301011925
4.06 1.86763454263158
4.065 1.87400305264606
4.07 1.88037853049929
4.075 1.88676096655442
4.08 1.89315035120106
4.085 1.89954667485519
4.09 1.905949927959
4.095 1.91236010098087
4.1 1.91877718441518
4.105 1.92520116878223
4.11 1.93163204462816
4.115 1.93806980252483
4.12 1.94451443306969
4.125 1.95096592688571
4.13 1.95742427462128
4.135 1.96388946695007
4.14 1.97036149457097
4.145 1.97684034820794
4.15 1.98332601860998
4.155 1.98981849655096
4.16 1.99631777282956
4.165 2.00282383826914
4.17 2.0093366837177
4.175 2.0158563000477
4.18 2.02238267815602
4.185 2.02891580896386
4.19 2.03545568341662
4.195 2.0420022924838
4.2 2.04855562715895
4.205 2.05511567845951
4.21 2.06168243742678
4.215 2.06825589512577
4.22 2.07483604264514
4.225 2.0814228710971
4.23 2.08801637161732
4.235 2.09461653536481
4.24 2.10122335352188
4.245 2.10783681729399
4.25 2.11445691790972
4.255 2.12108364662063
4.26 2.12771699470119
4.265 2.1343569534487
4.27 2.14100351418316
4.275 2.14765666824725
4.28 2.15431640700619
4.285 2.16098272184766
4.29 2.16765560418171
4.295 2.17433504544071
4.3 2.18102103707922
4.305 2.18771357057392
4.31 2.19441263742352
4.315 2.20111822914869
4.32 2.20783033729197
4.325 2.21454895341767
4.33 2.2212740691118
4.335 2.228005675982
4.34 2.23474376565741
4.345 2.24148832978865
4.35 2.24823936004771
4.355 2.25499684812783
4.36 2.26176078574348
4.365 2.26853116463028
4.37 2.27530797654484
4.375 2.28209121326478
4.38 2.28888086658857
4.385 2.29567692833552
4.39 2.30247939034565
4.395 2.30928824447961
4.4 2.31610348261865
4.405 2.32292509666451
4.41 2.32975307853933
4.415 2.3365874201856
4.42 2.34342811356608
4.425 2.35027515066371
4.43 2.35712852348153
4.435 2.36398822404263
4.44 2.37085424439007
4.445 2.37772657658677
4.45 2.38460521271549
4.455 2.39149014487872
4.46 2.39838136519861
4.465 2.40527886581691
4.47 2.41218263889488
4.475 2.41909267661325
4.48 2.4260089711721
4.485 2.43293151479083
4.49 2.43986029970806
4.495 2.44679531818161
4.5 2.45373656248832
4.505 2.46068402492412
4.51 2.46763769780388
4.515 2.47459757346131
4.52 2.48156364424896
4.525 2.48853590253815
4.53 2.49551434071883
4.535 2.50249895119959
4.54 2.50948972640755
4.545 2.51648665878828
4.55 2.52348974080579
4.555 2.5304989649424
4.56 2.53751432369874
4.565 2.54453580959359
4.57 2.55156341516391
4.575 2.55859713296473
4.58 2.56563695556907
4.585 2.5726828755679
4.59 2.57973488557007
4.595 2.58679297820227
4.6 2.5938571461089
4.605 2.60092738195206
4.61 2.60800367841148
4.615 2.61508602818445
4.62 2.62217442398575
4.625 2.62926885854761
4.63 2.6363693246196
4.635 2.64347581496865
4.64 2.65058832237889
4.645 2.65770683965166
4.65 2.66483135960543
4.655 2.67196187507573
4.66 2.6790983789151
4.665 2.68624086399301
4.67 2.69338932319583
4.675 2.70054374942676
4.68 2.70770413560574
4.685 2.71487047466945
4.69 2.72204275957119
4.695 2.72922098328086
4.7 2.7364051387849
4.705 2.74359521908623
4.71 2.75079121720415
4.715 2.75799312617434
4.72 2.76520093904879
4.725 2.77241464889573
4.73 2.77963424879956
4.735 2.78685973186083
4.74 2.79409109119616
4.745 2.80132831993818
4.75 2.8085714112355
4.755 2.81582035825261
4.76 2.8230751541699
4.765 2.83033579218351
4.77 2.83760226550534
4.775 2.844874567363
4.78 2.85215269099969
4.785 2.85943662967424
4.79 2.86672637666098
4.795 2.87402192524972
4.8 2.88132326874568
4.805 2.88863040046947
4.81 2.895943313757
4.815 2.90326200195945
4.82 2.9105864584432
4.825 2.9179166765898
4.83 2.92525264979592
4.835 2.93259437147325
4.84 2.9399418350485
4.845 2.94729503396336
4.85 2.9546539616744
4.855 2.96201861165302
4.86 2.96938897738545
4.865 2.97676505237269
4.87 2.9841468301304
4.875 2.99153430418892
4.88 2.99892746809318
4.885 3.00632631540267
4.89 3.01373083969138
4.895 3.02114103454777
4.9 3.02855689357468
4.905 3.03597841038934
4.91 3.04340557862328
4.915 3.05083839192227
4.92 3.05827684394634
4.925 3.06572092836965
4.93 3.0731706388805
4.935 3.08062596918126
4.94 3.08808691298832
4.945 3.09555346403206
4.95 3.10302561605679
4.955 3.11050336282071
4.96 3.11798669809586
4.965 3.12547561566806
4.97 3.13297010933691
4.975 3.14047017291571
4.98 3.14797580023138
4.985 3.15548698512451
4.99 3.16300372144922
4.995 3.17052600307319
5 3.17805381941285
