0.01   0.0099
0.058132230461238   0.0548166286623768
0.104120125136348   0.0937732315622397
0.160524963694687   0.136646035989745
0.230247449998603   0.182796443128725
0.315028335657944   0.229772049245906
0.416686245891785   0.274536705935193
0.537523357303261   0.3138365914285
0.680312113131488   0.344349333921005
0.847756513013861   0.362949762010851
1.04166564962632   0.367373512439586
1.26302036730007   0.35702158387358
1.51350656554221   0.333079493266872
1.79744568912244   0.297855002665487
2.12373211229458   0.254033664456058
2.50945774710118   0.204208197099093
2.99126686554019   0.150464312102011
3.68792794676448   0.0924603170083805
4.56439417201271   0.0474648499939735
5.4165193098908   0.0241788534588683
6.30040228623741   0.0123143727952506
7.30261877146148   0.00721658529603412
8   0.00725257618504475


1 2.37156566723849
2 -0.125365408190686
3 -0.427657412298349
4 -0.483711528000593
5 -0.496427206085879
6 -0.499162722756653
7 -0.49975715009746
8 -0.499924833379246
9 -0.499895814056787
10 -0.499913954953784
11 -0.499900021271145


0.0001 -0.524235116449568
0.0025 -0.516376347029938
0.0005 -0.522202441582742
0.0075 -0.505009953180759
0.001 -0.52051518421842
0.0025 -0.516376347029938
0.005 -0.510409194388089
0.0075 -0.505009953180759
0.01 -0.499924833379246
0.025 -0.47424557238246
0.05 -0.441582845466699
0.075 -0.416004613696732
0.1 -0.394917898130977
0.25 -0.313771980921875
0.5 -0.243797808177687


0.0001 -0.499973915771438
0.0005 -0.499973914858032
0.001 -0.499969821600752
0.005 -0.499957616939941
0.01 -0.499924833379246
0.05 -0.499601096976958
0.1 -0.49929377179785
0.5 -0.499447653995531


0.0001 -0.500017345348321
0.0005 -0.50000300169334
0.001 -0.500000458251259
0.005 -0.499971387323958
0.01 -0.499924833379246
0.05 -0.499617704825284
0.1 -0.499169234065878
0.5 -0.498493289065092
