0.125    0.992350260416667 
0.32229449798742    0.951120734406203 
0.558553326277834    0.86108467711665 
0.813398076233722    0.724973355799302 
1.07574698149165    0.556143258495161 
1.33916800117345    0.37171579951327 
1.60039079781408    0.18760837277483 
1.85860680618393    0.0160610901890169 
2.11475517220416    -0.134552170959097 
2.3709465576225    -0.258810204523985 
2.63011298523318    -0.353148080377705 
2.89574432492741    -0.414971105613569 
3.17147133999172    -0.442206803409975 
3.46027655931833    -0.433604637168038 
3.76321788982244    -0.39005007584218 
4.07808085917239    -0.316534695175897 
4.39958287786522    -0.222975277629052 
4.72215017248702    -0.12196019427217 
5.04288652852979    -0.0249781784136156 
5.36232883508888    0.0596196830598885 
5.68368075298869    0.126448292953536 
6.01192319979924    0.172084410819289 
6.35308578820614    0.194238278082755 
6.71311466090594    0.191608277265786 
7.09550063001424    0.164855018985166 
7.49769803368356    0.118609020610017 
7.91074943909631    0.0622608872531867 
8.32627580013248    0.00678485469974102 
8.74289367125877    -0.0393309810541101 
9.16622958729634    -0.0710060292435179 
9.60641677258355    -0.0855251625156521 
10    -0.0836407050863294 


0.125    0.992900420017037 
0.32229449798742    0.954925620309834 
0.558553326277834    0.872544607762351 
0.813398076233722    0.748220725899122 
1.07574698149165    0.593313745685321 
1.33916800117345    0.422198022178016 
1.60039079781408    0.248287595890066 
1.85860680618393    0.0821106471289073 
2.11475517220416    -0.068798382370783 
2.3709465576225    -0.199124649445294 
2.63011298523318    -0.304827704052939 
2.89574432492741    -0.382310308057657 
3.17147133999172    -0.427880305205821 
3.46027655931833    -0.437843453226777 
3.76321788982244    -0.409692497208036 
4.07808085917239    -0.34446737691643 
4.39958287786522    -0.248794730311144 
4.72215017248702    -0.134014748134288 
5.04288652852979    -0.0127537025288652 
5.36232883508888    0.103753123868563 
5.68368075298869    0.206159068766564 
6.01192319979924    0.286201795446138 
6.35308578820614    0.335649637239525 
6.71311466090594    0.345886980351035 
7.09550063001424    0.309612454106723 
7.49769803368356    0.226380028584655 
7.91074943909631    0.109514594679465 
8.32627580013248    -0.0142142633335168 
8.74289367125877    -0.11163596136669 
9.16622958729634    -0.146780968504471 
9.60641677258355    -0.0792748262016176 
10    0.0905874518772514 
