-0.98    -2.43343275982342
-0.96    -1.89361887871565
-0.94    -1.50287809518541
-0.92    -1.24819068782529
-0.9    -1.1154360236099
-0.88    -1.08961107884853
-0.86    -1.15506474485936
-0.84    -1.29574372682491
-0.82    -1.49544547139037
-0.8    -1.73807329047605
-0.78    -2.00788869645109
-0.76    -2.28975593491051
-0.74    -2.56937379978809
-0.72    -2.83349004150051
-0.7    -3.07009402832555
-0.68    -3.268583786395
-0.66    -3.41990411290323
-0.64    -3.51665311535119
-0.62    -3.5531552588762
-0.6    -3.52549978360811
-0.58    -3.43154416250059
-0.56    -3.27088308422344
-0.54    -3.04478424230293
-0.52    -2.7560929682125
-0.5    -2.40910844136414
-0.48    -2.00943482382909
-0.46    -1.56381118572738
-0.44    -1.07992449539206
-0.42    -0.566210237086854
-0.4    -0.0316453825619405
-0.38    0.514461520598882
-0.36    1.06267846876366
-0.34    1.60365186143629
-0.32    2.12829794634183
-0.3    2.6279801084245
-0.28    3.09466875338311
-0.26    3.52108109297768
-0.24    3.90079874153652
-0.22    4.22836166182992
-0.2    4.49933763473483
-0.18    4.71036705253419
-0.16    4.85918343314793
-0.14    4.94461060669579
-0.12    4.96653802332555
-0.1    4.92587606145821
-0.08    4.82449357046008
-0.0599999999999999    4.66514015599688
-0.04    4.45135590750643
-0.02    4.18737137558937
0    3.87800063541135
0.02    3.52853022543612
0.04    3.14460663587548
0.0600000000000001    2.73212484661363
0.0800000000000001    2.2971201896529
0.1    1.8456655466902
0.12    1.38377559897957
0.14    0.917319534829493
0.16    0.451943300224785
0.18    -0.0069978402426768
0.2    -0.45449597301567
0.22    -0.885936266942821
0.24    -1.29713186373177
0.26    -1.68434826200558
0.28    -2.04431773405501
0.3    -2.37424448411945
0.32    -2.67180139098913
0.34    -2.93511927611338
0.36    -3.16276970248037
0.38    -3.35374234142912
0.4    -3.50741794711045
0.42    -3.62353795490343
0.44    -3.7021716744649
0.46    -3.74368198418104
0.48    -3.74869035560063
0.5    -3.71804194786535
0.52    -3.65277141693269
0.54    -3.55406998593078
0.56    -3.42325422436029
0.58    -3.26173688771951
0.6    -3.07100007769584
0.62    -2.85257089811148
0.64    -2.60799970466798
0.66    -2.33884097811781
0.68    -2.04663679133238
0.7    -1.73290279101599
0.72    -1.39911657442103
0.74    -1.04670830998283
0.76    -0.677053427746745
0.78    -0.291467190088933
0.8    0.108799055290815
0.82    0.522560140681094
0.84    0.948698060056918
0.86    1.38616185859398
0.88    1.83396661149975
0.9    2.29119166126053
0.92    2.75697826827943
0.94    3.23052681469103
0.96    3.7110936854628
0.98    4.19798793521345
1    4.69056783389572


-0.98    30.9187288808504
-0.96    23.1604714721842
-0.94    16.0222707804872
-0.92    9.56432444345579
-0.9    3.83636293104159
-0.88    -1.12323708803368
-0.86    -5.28814070562879
-0.84    -8.64452301389555
-0.82    -11.1913014965905
-0.8    -12.9401219833778
-0.78    -13.9150935874418
-0.76    -14.1522743488771
-0.74    -13.698915711197
-0.72    -12.6124802670899
-0.7    -10.9594532222802
-0.68    -8.81397354924219
-0.66    -6.2563156552593
-0.64    -3.37125641187272
-0.62    -0.246365451556869
-0.6    3.02974136950637
-0.58    6.36914458280718
-0.56    9.6863193328087
-0.54    12.8997502048072
-0.52    15.9334261923106
-0.5    18.7181829018831
-0.48    21.1928635467389
-0.46    23.3052754769039
-0.44    25.0129247612228
-0.42    26.2835174860818
-0.4    27.0952227692275
-0.38    27.4366988042185
-0.36    27.3068893567958
-0.34    26.7146038459059
-0.32    25.6778992947626
-0.3    24.2232868905024
-0.28    22.3847895320957
-0.26    20.2028794938052
-0.24    17.723327137177
-0.22    14.9959924532204
-0.2    12.0735911254955
-0.18    9.01046582214224
-0.16    5.86139162558655
-0.14    2.68044199112404
-0.12    -0.480061493273458
-0.1    -3.5704958635225
-0.08    -6.54476429277744
-0.0599999999999999    -9.36099271692767
-0.04    -11.9820880965273
-0.02    -14.3761549315083
0    -16.5167705408838
0.02    -18.3831232148486
0.04    -19.960020554286
0.0600000000000001    -21.2377780650733
0.0800000000000001    -22.2120003242838
0.1    -22.8832687552588
0.12    -23.2567512309614
0.14    -23.3417493806483
0.16    -23.1511996305711
0.18    -22.7011437058939
0.2    -22.0101836102417
0.22    -21.0989350415305
0.24    -19.9894918636952
0.26    -18.7049127019168
0.28    -17.2687390322486
0.3    -15.7045523610067
0.32    -14.0355762963612
0.34    -12.2843275595805
0.36    -10.4723183143223
0.38    -8.61981064904943
0.4    -6.7456226612667
0.42    -4.8669843853081
0.44    -2.99944079192285
0.46    -1.15679827406368
0.48    0.648889581900965
0.5    2.40730156402859
0.52    4.10979861074548
0.54    5.74934874578769
0.56    7.32043206156908
0.58    8.81893045690489
0.6    10.2420065517223
0.62    11.5879758405469
0.64    12.8561757297099
0.66    14.046834650562
0.68    15.1609439708609
0.7    16.2001349550862
0.72    17.1665625654993
0.74    18.0627974605696
0.76    18.8917271447095
0.78    19.6564668594774
0.8    20.3602804856738
0.82    21.0065114502073
0.84    21.5985234016444
0.86    22.1396502328886
0.88    22.6331548861933
0.9    23.0821962715072
0.92    23.4898035601529
0.94    23.8588570777953
0.96    24.1920750091362
0.98    24.4920051373123
1    24.7610208692639


-0.98    0.00857644455481932
-0.96    0.0161741537758644
-0.94    0.0230094441731126
-0.92    0.0292390463791889
-0.9    0.0349653064122322
-0.88    0.0402418266294262
-0.86    0.0450794591215526
-0.84    0.0494525579579204
-0.82    0.0533053920526072
-0.8    0.056558617691735
-0.78    0.0591157087674219
-0.76    0.0608692440300729
-0.74    0.0617069536510826
-0.72    0.0615174325484986
-0.7    0.0601954348567233
-0.68    0.0576466726133731
-0.66    0.0537920519327599
-0.64    0.0485712915351542
-0.62    0.0419458810683864
-0.6    0.0339013500388319
-0.58    0.0244488320040546
-0.56    0.0136259226119364
-0.54    0.00149684388361493
-0.52    -0.0118480597020607
-0.5    -0.0262934551838043
-0.48    -0.0417007358482806
-0.46    -0.0579102571900876
-0.44    -0.0747440263221506
-0.42    -0.0920087700960721
-0.4    -0.109499302393488
-0.38    -0.127002107906264
-0.36    -0.14429905860743
-0.34    -0.161171179825033
-0.32    -0.177402385291316
-0.3    -0.192783104726004
-0.28    -0.207113733150436
-0.26    -0.220207838062379
-0.24    -0.231895068626727
-0.22    -0.242023719908502
-0.2    -0.250462914544187
-0.18    -0.25710437417456
-0.16    -0.261863762573739
-0.14    -0.264681592352645
-0.12    -0.265523696250966
-0.1    -0.264381272855644
-0.08    -0.261270524521933
-0.0599999999999999    -0.256231912444491
-0.04    -0.249329059819502
-0.02    -0.240647339144743
0    -0.230292183581696
0.02    -0.21838716502134
0.04    -0.205071883223354
0.0600000000000001    -0.190499710943186
0.0800000000000001    -0.174835439549497
0.1    -0.158252868311138
0.12    -0.140932378455545
0.14    -0.123058530188246
0.16    -0.104817717627157
0.18    -0.0863959126600093
0.2    -0.0679765247396062
0.22    -0.0497383992315008
0.24    -0.0318539726513336
0.26    -0.0144875987298292
0.28    0.00220594490656367
0.3    0.0180827636540926
0.32    0.0330109643691685
0.34    0.0468715865654303
0.36    0.0595593506623118
0.38    0.070983230123602
0.4    0.0810668564854495
0.42    0.0897487680676932
0.44    0.0969825145002687
0.46    0.102736630141408
0.48    0.106994490094621
0.5    0.109754062777029
0.52    0.111027573012507
0.54    0.110841089253881
0.56    0.109234048139115
0.58    0.106258728834291
0.6    0.101979688832216
0.62    0.0964731719150222
0.64    0.0898264980469321
0.66    0.0821374438601197
0.68    0.073513621417078
0.7    0.0640718618560641
0.72    0.0539376095057378
0.74    0.0432443311692623
0.76    0.0321329442967908
0.78    0.0207512669903736
0.8    0.00925349203043879
0.82    -0.00220031359276618
0.84    -0.0134446827096326
0.86    -0.0243091951797396
0.88    -0.0346188983185129
0.9    -0.0441947009067007
0.92    -0.0528537415411847
0.94    -0.060409732233893
0.96    -0.066673278342023
0.98    -0.0714521761456126
1    -0.074551689328473
