-0.995    0.354061222527485
-0.99    0.354635538258239
-0.985    0.354944491705922
-0.98    0.354982871476245
-0.975    0.354745626630458
-0.97    0.354227874521163
-0.965    0.353424908572915
-0.96    0.352332205997635
-0.955    0.35094543543479
-0.95    0.349260464506225
-0.945    0.347273367275495
-0.94    0.344980431601482
-0.935    0.342378166376106
-0.93    0.339463308635867
-0.925    0.336232830537016
-0.92    0.332683946184128
-0.915    0.328814118301906
-0.91    0.324621064740064
-0.905    0.320102764801234
-0.9    0.315257465381858
-0.895    0.310083686916176
-0.89    0.304580229113466
-0.885    0.298746176478837
-0.88    0.292580903608013
-0.875    0.286084080246648
-0.87    0.27925567610493
-0.865    0.272095965418342
-0.86    0.264605531245692
-0.855    0.256785269495676
-0.85    0.248636392673498
-0.845    0.24016043333926
-0.84    0.231359247270106
-0.835    0.222235016318353
-0.83    0.212790250958113
-0.825    0.203027792513184
-0.82    0.192950815059312
-0.815    0.182562826994199
-0.81    0.171867672268999
-0.805    0.160869531275335
-0.8    0.149572921382253
-0.795    0.137982697117866
-0.79    0.12610404999083
-0.785    0.113942507947155
-0.78    0.101503934458263
-0.775    0.0887945272366137
-0.77    0.0758208165755915
-0.765    0.0625896633108327
-0.76    0.0491082564005396
-0.755    0.0353841101228173
-0.75    0.0214250608884753
-0.745    0.00723926366822825
-0.74    -0.00716481196634095
-0.735    -0.0217783861882055
-0.73    -0.0365923736463833
-0.725    -0.0515973885827062
-0.72    -0.0667837503325753
-0.715    -0.0821414892079494
-0.71    -0.0976603527603027
-0.705    -0.113329812420808
-0.7    -0.1291390705145
-0.695    -0.145077067644674
-0.69    -0.161132490443305
-0.685    -0.177293779682727
-0.68    -0.193549138743375
-0.675    -0.209886542431834
-0.67    -0.22629374614303
-0.665    -0.242758295359801
-0.66    -0.259267535482716
-0.655    -0.275808621982431
-0.65    -0.292368530866461
-0.645    -0.30893406945174
-0.64    -0.325491887433887
-0.635    -0.342028488243649
-0.63    -0.358530240680518
-0.625    -0.374983390813111
-0.62    -0.39137407413543
-0.615    -0.407688327967737
-0.61    -0.423912104090344
-0.605    -0.440031281598211
-0.6    -0.456031679963891
-0.595    -0.471899072295933
-0.59    -0.487619198779552
-0.585    -0.503177780285959
-0.58    -0.518560532136482
-0.575    -0.533753178007214
-0.57    -0.548741463959683
-0.565    -0.563511172582719
-0.56    -0.57804813723041
-0.555    -0.592338256340834
-0.55    -0.606367507819946
-0.545    -0.620121963474856
-0.54    -0.633587803480465
-0.535    -0.646751330863301
-0.53    -0.659598985986194
-0.525    -0.672117361017318
-0.52    -0.684293214366975
-0.515    -0.696113485075432
-0.51    -0.707565307135008
-0.505    -0.718636023729566
-0.5    -0.729313201374526
-0.495    -0.739584643940492
-0.49    -0.749438406543599
-0.485    -0.758862809285709
-0.48    -0.767846450827633
-0.475    -0.776378221778631
-0.47    -0.784447317885534
-0.465    -0.792043253004951
-0.46    -0.799155871842152
-0.455    -0.805775362440393
-0.45    -0.811892268404621
-0.445    -0.817497500843704
-0.44    -0.822582350015567
-0.435    -0.827138496659836
-0.43    -0.831158023002909
-0.425    -0.834633423420606
-0.42    -0.83755761474392
-0.415    -0.839923946193685
-0.41    -0.841726208930336
-0.405    -0.842958645205339
-0.4    -0.843615957101223
-0.395    -0.843693314847585
-0.39    -0.843186364700873
-0.385    -0.842091236376172
-0.38    -0.84040455001974
-0.375    -0.838123422711465
-0.37    -0.835245474486977
-0.365    -0.831768833869619
-0.36    -0.827692142903043
-0.355    -0.823014561675753
-0.35    -0.817735772329448
-0.345    -0.811855982543641
-0.34    -0.805375928489578
-0.335    -0.798296877247121
-0.33    -0.790620628678843
-0.325    -0.78234951675624
-0.32    -0.773486410333565
-0.315    -0.764034713365466
-0.31    -0.753998364565243
-0.305    -0.743381836501206
-0.3    -0.732190134129286
-0.295    -0.720428792760711
-0.29    -0.708103875464255
-0.285    -0.695221969903229
-0.28    -0.681790184608087
-0.275    -0.667816144686185
-0.27    -0.65330798697094
-0.265    -0.638274354613305
-0.26    -0.622724391119168
-0.255    -0.606667733836986
-0.25    -0.590114506900605
-0.245    -0.573075313632951
-0.24    -0.555561228416898
-0.235    -0.537583788040325
-0.23    -0.519154982523025
-0.225    -0.500287245433767
-0.22    -0.480993443706499
-0.215    -0.461286866965262
-0.21    -0.441181216368078
-0.205    -0.420690592980618
-0.2    -0.399829485691142
-0.195    -0.378612758678716
-0.19    -0.357055638447349
-0.185    -0.335173700439225
-0.18    -0.312982855240772
-0.175    -0.290499334395825
-0.17    -0.267739675840677
-0.165    -0.244720708976291
-0.16    -0.221459539393441
-0.155    -0.197973533267014
-0.15    -0.174280301436123
-0.145    -0.150397683187137
-0.14    -0.126343729757105
-0.135    -0.102136687575459
-0.13    -0.0777949812622056
-0.125    -0.0533371964011797
-0.12    -0.0287820621072347
-0.115    -0.00414843340652452
-0.11    0.0205447265506885
-0.105    0.0452783644250388
-0.1    0.0700333547509906
-0.095    0.0947905181076284
-0.09    0.119530639377067
-0.085    0.144234486070108
-0.08    0.168882826698655
-0.075    0.193456449174307
-0.07    0.2179361792125
-0.0649999999999999    0.242302898721527
-0.0599999999999999    0.266537564155748
-0.0549999999999999    0.290621224812351
-0.0499999999999999    0.314535041051024
-0.0449999999999999    0.338260302416023
-0.04    0.361778445640166
-0.035    0.385071072510458
-0.03    0.408119967575155
-0.025    0.430907115672289
-0.02    0.453414719259859
-0.015    0.475625215528129
-0.01    0.49752129327471
-0.005    0.519085909523416
0    0.54030230586814
0.00500000000000012    0.561154024523367
0.01    0.581624924063256
0.0150000000000001    0.601699194831623
0.02    0.621361374005524
0.0249999999999999    0.640596360295594
0.03    0.65938942826669
0.0349999999999999    0.677726242262893
0.04    0.69559286992137
0.0449999999999999    0.712975795260114
0.05    0.729861931325102
0.0549999999999999    0.746238632382932
0.0600000000000001    0.762093705645574
0.0649999999999999    0.777415422514437
0.0700000000000001    0.792192529331527
0.075    0.806414257626099
0.0800000000000001    0.820070333845808
0.085    0.833150988561986
0.0900000000000001    0.845646965139352
0.095    0.857549527861061
0.1    0.868850469500733
0.105    0.8795421183337
0.11    0.889617344580479
0.115    0.899069566276094
0.12    0.907892754559626
0.125    0.916081438379049
0.13    0.923630708607124
0.135    0.930536221564852
0.14    0.936794201949688
0.145    0.942401445166449
0.15    0.947355319059575
0.155    0.95165376504611
0.16    0.955295298649511
0.165    0.95827900943509
0.17    0.960604560348636
0.175    0.962272186460466
0.18    0.963282693117847
0.185    0.963637453509471
0.19    0.963338405646329
0.195    0.962388048764033
0.2    0.960789439152323
0.205    0.958546185418151
0.21    0.955662443189408
0.215    0.952142909267012
0.22    0.947992815233705
0.225    0.943217920528539
0.23    0.937824504996653
0.235    0.931819360924503
0.24    0.925209784571364
0.245    0.918003567208399
0.25    0.910208985677219
0.255    0.901834792480351
0.26    0.892890205416555
0.265    0.883384896774425
0.27    0.873328982098215
0.275    0.862733008540233
0.28    0.851607942814655
0.285    0.839965158767963
0.29    0.827816424581659
0.295    0.815173889623243
0.3    0.802050070961829
0.305    0.788457839565077
0.31    0.774410406194432
0.315    0.759921307015971
0.32    0.745004388944367
0.325    0.729673794737785
0.33    0.713943947861661
0.335    0.697829537139585
0.34    0.681345501209593
0.345    0.664507012804392
0.35    0.647329462874087
0.355    0.629828444570132
0.36    0.612019737109237
0.365    0.593919289536068
0.37    0.575543204403529
0.375    0.556907721389475
0.38    0.538029200868616
0.385    0.518924107458367
0.39    0.499608993557282
0.395    0.48010048289465
0.4    0.460415254109657
0.405    0.44057002437843
0.41    0.420581533107047
0.415    0.400466525708463
0.42    0.380241737481049
0.425    0.359923877606214
0.43    0.339529613282352
0.435    0.319075554012028
0.44    0.298578236059074
0.445    0.278054107091913
0.45    0.257519511029119
0.455    0.236990673102835
0.46    0.216483685155359
0.465    0.196014491183746
0.47    0.175598873146937
0.475    0.155252437049453
0.48    0.134990599315313
0.485    0.114828573465311
0.49    0.094781357110414
0.495    0.0748637192734818
0.5    0.0550901880510869
0.505    0.035475038626665
0.51    0.016032281645758
0.515    -0.00322434803645113
0.52    -0.0222814022255954
0.525    -0.0411257298674466
0.53    -0.0597444871274635
0.535    -0.0781251470625416
0.54    -0.0962555088774335
0.545    -0.114123706758932
0.55    -0.131718218281425
0.555    -0.14902787237804
0.56    -0.166041856872151
0.565    -0.182749725564586
0.57    -0.199141404872495
0.575    -0.215207200016339
0.58    -0.230937800752136
0.585    -0.24632428664657
0.59    -0.261358131893227
0.595    -0.276031209668752
0.6    -0.290335796028292
0.605    -0.304264573340152
0.61    -0.317810633260167
0.615    -0.33096747924682
0.62    -0.3437290286187
0.625    -0.35608961415641
0.63    -0.368043985251611
0.635    -0.379587308606346
0.64    -0.390715168486362
0.645    -0.401423566532612
0.65    -0.411708921135633
0.655    -0.421568066377957
0.66    -0.43099825055023
0.665    -0.439997134247092
0.67    -0.448562788049417
0.675    -0.456693689799857
0.68    -0.464388721479113
0.685    -0.471647165690736
0.69    -0.47846870176266
0.695    -0.484853401474047
0.7    -0.490801724416384
0.705    -0.496314512998131
0.71    -0.50139298710252
0.715    -0.506038738408473
0.72    -0.510253724384846
0.725    -0.514040261968534
0.73    -0.517401020937231
0.735    -0.520339016987855
0.74    -0.522857604531941
0.745    -0.524960469219451
0.75    -0.526651620202716
0.755    -0.527935382152349
0.76    -0.528816387037168
0.765    -0.529299565680305
0.77    -0.529390139103789
0.775    -0.529093609674036
0.78    -0.528415752060734
0.785    -0.527362604021726
0.79    -0.525940457026518
0.795    -0.524155846731115
0.8    -0.522015543316878
0.805    -0.519526541706148
0.81    -0.516696051667325
0.815    -0.513531487822112
0.82    -0.510040459567559
0.825    -0.506230760925514
0.83    -0.502110360331988
0.835    -0.497687390378884
0.84    -0.492970137520413
0.845    -0.487967031756416
0.85    -0.482686636304679
0.855    -0.477137637274188
0.86    -0.471328833351089
0.865    -0.465269125508987
0.87    -0.458967506754986
0.875    -0.452433051922723
0.88    -0.445674907523396
0.885    -0.438702281665605
0.89    -0.431524434054552
0.895    -0.424150666080956
0.9    -0.416590311009725
0.905    -0.408852724278233
0.91    -0.400947273913706
0.915    -0.39288333107902
0.92    -0.384670260755845
0.925    -0.376317412573845
0.93    -0.367834111794304
0.935    -0.359229650456227
0.94    -0.350513278692699
0.945    -0.341694196224902
0.95    -0.332781544040922
0.955    -0.323784396266104
0.96    -0.314711752231403
0.965    -0.305572528745827
0.97    -0.296375552578745
0.975    -0.287129553157461
0.98    -0.277843155485144
0.985    -0.268524873283827
0.99    -0.259183102366853
0.995    -0.249826114244803
1    -0.240462049968584


-0.98    0.305630084760785
-0.96    0.335845824700645
-0.94    0.352350598594435
-0.92    0.356166332635212
-0.9    0.348318355684195
-0.88    0.329833231813322
-0.86    0.30173665980911
-0.84    0.265051427343523
-0.82    0.220795404256929
-0.8    0.169979556198463
-0.78    0.113605956838329
-0.76    0.052665774109609
-0.74    -0.0118627964148654
-0.72    -0.0790166797213003
-0.7    -0.147850180979477
-0.68    -0.217437386752585
-0.66    -0.286874737300769
-0.64    -0.355283797722909
-0.62    -0.421814252695382
-0.6    -0.485647145243627
-0.58    -0.545998374255697
-0.56    -0.602122458271236
-0.54    -0.653316564456422
-0.52    -0.698924791661332
-0.5    -0.73834268515203
-0.48    -0.771021948187164
-0.46    -0.796475302297013
-0.44    -0.814281434215582
-0.42    -0.824089953275531
-0.4    -0.825626269112991
-0.38    -0.818696286218493
-0.36    -0.803190799719404
-0.34    -0.779089466327984
-0.32    -0.746464216188212
-0.3    -0.705481965951158
-0.28    -0.656406491317588
-0.26    -0.599599318979292
-0.24    -0.535519503758783
-0.22    -0.464722167094826
-0.2    -0.387855688027063
-0.18    -0.305657457544458
-0.16    -0.218948131468594
-0.14    -0.128624345673112
-0.12    -0.0356498899469333
-0.1    0.0589546274279438
-0.08    0.154123554074832
-0.0599999999999999    0.248759296816891
-0.04    0.341746603549764
-0.02    0.431967833851633
0    0.518318990923802
0.02    0.599726253127433
0.04    0.675162713564043
0.0600000000000001    0.743665012040151
0.0800000000000001    0.804349526474015
0.1    0.856427781289474
0.12    0.899220729359026
0.14    0.932171572124719
0.16    0.954856799898667
0.18    0.966995160987889
0.2    0.968454303865141
0.22    0.959254880469696
0.24    0.93957194993161
0.26    0.909733579350261
0.28    0.870216600258651
0.3    0.821639544410615
0.32    0.764752848719774
0.34    0.700426484661103
0.36    0.629635230284744
0.38    0.55344186130381
0.4    0.472978589724903
0.42    0.389427122585409
0.44    0.303997748171995
0.46    0.217907881526498
0.48    0.132360514331301
0.5    0.0485230159822554
0.52    -0.032493277241139
0.54    -0.109652269201096
0.56    -0.182010723242125
0.58    -0.248733951415927
0.6    -0.309109280928005
0.62    -0.362557061685441
0.64    -0.408639040405403
0.66    -0.447063991497152
0.68    -0.477690560935251
0.7    -0.500527344680677
0.72    -0.515730286036352
0.74    -0.523597534932849
0.76    -0.524561965006308
0.78    -0.519181590162638
0.8    -0.508128160099593
0.82    -0.492174243251582
0.84    -0.472179125405924
0.86    -0.44907386269765
0.88    -0.423845828997679
0.9    -0.397523090316045
0.92    -0.371158923447185
0.94    -0.345816773584434
0.96    -0.322555917099773
0.98    -0.302418062301834
1    -0.286415084014651
