0.025   0.0487583800348174
0.05   0.0951093090559028
0.075   0.139141941603714
0.1   0.180942491102823
0.125   0.220594328937924
0.15   0.258178075256494
0.175   0.293771673069868
0.2   0.327450479639507
0.225   0.359287345962672
0.25   0.389352689426066
0.275   0.417714576412713
0.3   0.444438792137309
0.325   0.469588909561499
0.35   0.493226361742287
0.375   0.515410509491808
0.4   0.536198703209302
0.425   0.555646347367602
0.45   0.573806962559881
0.475   0.590732241807943
0.5   0.606472111922741
0.525   0.621074787568939
0.55   0.634586823922592
0.575   0.647053171322756
0.6   0.658517225586588
0.625   0.669020877677223
0.65   0.67860455989315
0.675   0.687307294655031
0.7   0.695166737213549
0.725   0.702219221464906
0.75   0.708499800881608
0.775   0.714042290167386
0.8   0.718879303683101
0.825   0.723042297600794
0.85   0.726561603012166
0.875   0.729466464925383
0.9   0.731785076093129
0.925   0.733544613101286
0.95   0.734771265750655
0.975   0.735490274790658
1   0.735725955751777
1.025   0.735501735904983
1.05   0.734840178175809
1.075   0.733763014123598
1.1   0.732291166565908
1.125   0.730444780056085
1.15   0.728243244417214
1.175   0.725705220041737
1.2   0.722848663329992
1.225   0.719690847862999
1.25   0.716248390190587
1.275   0.712537268534449
1.3   0.708572846809338
1.325   0.704369892857818
1.35   0.699942600917624
1.375   0.695304609113722
1.4   0.6904690195709
1.425   0.685448414891801
1.45   0.680254877012739
1.475   0.674900004695821
1.5   0.669394929020729
1.525   0.663750330687849
1.55   0.657976453200086
1.575   0.65208312014387
1.6   0.64607974754017
1.625   0.639975361754088
1.65   0.633778609003923
1.675   0.627497770337564
1.7   0.621140773771098
1.725   0.614715207441535
1.75   0.608228331576238
1.775   0.601687090144649
1.8   0.595098120908684
1.825   0.588467766057545
1.85   0.581802085781786
1.875   0.575106864722671
1.9   0.568387624654897
1.925   0.561649631844814
1.95   0.554897906797232
1.975   0.548137233874346
2   0.54137217097088
2.025   0.534607054705826
2.05   0.527846011089347
2.075   0.521092961556961
2.1   0.514351632539885
2.125   0.507625560488361
2.15   0.500918101584017
2.175   0.49423243529084
2.2   0.487571573690004
2.225   0.480938367114156
2.25   0.47433550971045
2.275   0.467765545797762
2.3   0.461230875368688
2.325   0.454733759875597
2.35   0.448276327187193
2.375   0.441860578224212
2.4   0.435488390390823
2.425   0.429161522969162
2.45   0.422881621885354
2.475   0.416650224236172
2.5   0.410468761942557
2.525   0.404338568394069
2.55   0.398260879158898
2.575   0.392236837738967
2.6   0.386267499497423
2.625   0.380353835070578
2.65   0.374496733206559
2.675   0.368697005734761
2.7   0.362955389355657
2.725   0.357272548621372
2.75   0.351649081804226
2.775   0.346085520304889
2.8   0.340582333990647
2.825   0.335139931872998
2.85   0.329758668041635
2.875   0.324438839152256
2.9   0.319180692507095
2.925   0.313984424419564
2.95   0.308850184581772
2.975   0.303778076841146
3   0.298768163339952
3.025   0.293820463111354
3.05   0.288934958164283
3.075   0.284111592962258
3.1   0.279350276988988
3.125   0.274650885882888
3.15   0.270013264433783
3.175   0.265437226330386
3.2   0.260922557779311
3.225   0.256469017529971
3.25   0.252076338779319
3.275   0.247744230421636
3.3   0.243472378729535
3.325   0.239260448859315
3.35   0.235108085548126
3.375   0.231014914831384
3.4   0.226980544536954
3.425   0.223004565561005
3.45   0.219086553994683
3.475   0.215226070670618
3.5   0.211422663233235
3.525   0.20767586587539
3.55   0.203985201742546
3.575   0.200350182367197
3.6   0.196770310004407
3.625   0.19324507663794
3.65   0.1897739658526
3.675   0.186356454149704
3.7   0.182992010454396
3.725   0.179680096720688
3.75   0.176420170112491
3.775   0.173211681956534
3.8   0.170054079243877
3.825   0.166946804963459
3.85   0.16388929815839
3.875   0.160880994876937
3.9   0.157921329450167
3.925   0.155009733864985
3.95   0.152145637635704
3.975   0.149328470199724
4   0.146557659506209
4.025   0.143832633971731
4.05   0.14115282123718
4.075   0.138517649500227
4.1   0.135926546708842
4.125   0.133378943747344
4.15   0.130874271733836
4.175   0.128411963412266
4.2   0.125991453035419
4.225   0.123612177728947
4.25   0.121273575743657
4.275   0.118975089543238
4.3   0.116716163184579
4.325   0.114496243511016
4.35   0.112314781431621
4.375   0.110171230586628
4.4   0.108065048586804
4.425   0.10599569626736
4.45   0.10396263870615
4.475   0.101965343947498
4.5   0.100003285722101
4.525   0.0980759407030048
4.55   0.0961827911530056
4.575   0.0943233224723091
4.6   0.0924970254501836
4.625   0.0907033947069372
4.65   0.0889419303050426
4.675   0.0872121367958781
4.7   0.0855135234022111
4.725   0.0838456046200955
4.75   0.082207899256972
4.775   0.0805999324655041
4.8   0.0790212329760888
4.825   0.0774713356202068
4.85   0.0759497797152861
4.875   0.0744561103557749
4.9   0.0729898773839524
4.925   0.0715506361544793
4.95   0.0701379469865064
4.975   0.0687513758291979
5   0.0673904927208323
5.025   0.0660548745470825
5.05   0.0647441025768467
5.075   0.063457763558841
5.1   0.0621954497044773
5.125   0.0609567577539944
5.15   0.0597412899940564
5.175   0.0585486543648391
5.2   0.0573784641513011
5.225   0.0562303364385393
5.25   0.0551038948421946
5.275   0.0539987676137326
5.3   0.0529145884893078
5.325   0.051850996520995
5.35   0.0508076348190426
5.375   0.0497841516225381
5.4   0.0487802005349556
5.425   0.0477954409003369
5.45   0.0468295357458104
5.475   0.0458821536830199
5.5   0.0449529680929466
5.525   0.0440416569115552
5.55   0.0431479034056403
5.575   0.042271395406947
5.6   0.0414118246464198
5.625   0.0405688884831359
5.65   0.0397422885787243
5.675   0.0389317312390663
5.7   0.0381369272326408
5.725   0.0373575916476847
5.75   0.0365934439708148
5.775   0.0358442087817227
5.8   0.0351096143573948
5.825   0.0343893928676958
5.85   0.0336832816678504
5.875   0.0329910217499093
5.9   0.0323123587980873
5.925   0.0316470424233876
5.95   0.030994825843821
5.975   0.0303554659200637
6   0.02972872477517
6.025   0.0291143676418531
6.05   0.0285121639882383
6.075   0.0279218865915701
6.1   0.027343312262956
6.125   0.0267762213953314
6.15   0.0262203988503332
6.175   0.0256756325412875
6.2   0.0251417133245297
6.225   0.0246184360408005
6.25   0.0241055995570839
6.275   0.0236030053538548
6.3   0.0231104589373806
6.325   0.0226277691231315
6.35   0.0221547473393857
6.375   0.0216912087305664
6.4   0.0212369722717892
6.425   0.0207918586479682
6.45   0.0203556928496146
6.475   0.0199283025493351
6.5   0.0195095185044621
6.525   0.0190991738866687
6.55   0.0186971058591166
6.575   0.0183031532910109
6.6   0.0179171589053619
6.625   0.0175389672463525
6.65   0.0171684266297998
6.675   0.0168053869450475
6.7   0.0164497022179535
6.725   0.0161012279752097
6.75   0.015759822577536
6.775   0.0154253469692891
6.8   0.0150976649614612
6.825   0.0147766420587107
6.85   0.0144621470426247
6.875   0.0141540501557015
6.9   0.0138522245768653
6.925   0.01355654595521
6.95   0.0132668919605181
6.975   0.0129831421068215
7   0.0127051785077668
7.025   0.0124328855276278
7.05   0.0121661495053241
7.075   0.0119048592805844
7.1   0.0116489052309424
7.125   0.0113981794965761
7.15   0.011152577142778
7.175   0.0109119942918111
7.2   0.0106763296401355
7.225   0.0104454827976811
7.25   0.0102193563903375
7.275   0.00999785357933413
7.3   0.00978088071445863
7.325   0.00956834484464016
7.35   0.00936015545338428
7.375   0.00915622328632748
7.4   0.00895646116170972
7.425   0.00876078306669893
7.45   0.00856910455031088
7.475   0.00838134353287917
7.5   0.00819741857610327
7.525   0.00801725010523251
7.55   0.00784075965986243
7.575   0.00766787047321796
7.6   0.00749850741031031
7.625   0.00733259715868466
7.65   0.0071700669993537
7.675   0.00701084545390212
7.7   0.00685486324800388
7.725   0.00670205187122295
7.75   0.00655234453519102
7.775   0.00640567499173678
7.8   0.00626197852109397
7.825   0.00612119122682118
7.85   0.00598325180582387
7.875   0.00584809872626471
7.9   0.00571567174773653
7.925   0.00558591184496173
7.95   0.00545876147762559
7.975   0.00533416357784989
8   0.00521206300607349
8.025   0.00509240540300088
8.05   0.00497513637308556
8.075   0.004860204286924
8.1   0.00474755717189742
8.125   0.00463714419348941
8.15   0.00452891547962958
8.175   0.00442282269914717
8.2   0.00431881686660992
8.225   0.0042168515066679
8.25   0.00411688043019342
8.275   0.004018858156853
8.3   0.00392274019360742
8.325   0.00382848298228964
8.35   0.00373604320827285
8.375   0.00364537857918397
8.4   0.0035564481571805
8.425   0.00346921112607614
8.45   0.00338362720252534
8.475   0.00329965743068645
8.5   0.00321726265073841
8.525   0.0031364051446385
8.55   0.00305704809576344
8.575   0.00297915439107724
8.6   0.00290268765457638
8.625   0.00282761262204151
8.65   0.00275389494669079
8.675   0.00268150042034435
8.7   0.00261039554446805
8.725   0.00254054682421314
8.75   0.00247192128565887
8.775   0.00240448773109945
8.8   0.00233821435711595
8.825   0.00227306967147755
8.85   0.00220902332319007
8.875   0.00214604531757789
8.9   0.00208410607752163
8.925   0.00202317687071948
8.95   0.00196322846442208
8.975   0.00190423257769571
9   0.00184616155290158
9.025   0.00178898809040091
9.05   0.00173268409539857
9.075   0.00167722379310036
9.1   0.00162258076482176
9.125   0.00156872885329617
9.15   0.00151564253495018
9.175   0.00146329603529012
9.2   0.00141166406550893
9.225   0.00136072263818926
9.25   0.00131044751534881
9.275   0.00126081377960293
9.3   0.00121179798024901
9.325   0.00116337695173501
9.35   0.00111552730981798
9.375   0.00106822594364009
9.4   0.00102144923821072
9.425   0.000975174082359933
9.45   0.000929378888178572
9.475   0.000884042545806786
9.5   0.000839141852836921
9.525   0.000794654698354036
9.55   0.000750559845838116
9.575   0.000706836244318564
9.6   0.000663462232472542
9.625   0.000620416498775429
9.65   0.000577676761341692
9.675   0.000535223142251948
9.7   0.000493035790932357
9.725   0.000451093627581205
9.75   0.000409374678075993
9.775   0.000367858881955417
9.8   0.000326525549734325
9.825   0.000285354749927297
9.85   0.000244326313161775
9.875   0.00020341936468396
9.9   0.000162613392079594
9.925   0.000121889097481723
9.95   8.12257385431833E-05
9.975   4.06026126209669E-05


0.025   0.020365092546331
0.05   0.0397148026435431
0.075   0.0580772415510189
0.1   0.0754799157984268
0.125   0.0919497336245305
0.15   0.107513018501769
0.175   0.122195521515045
0.2   0.136022428668802
0.225   0.149018374819576
0.25   0.161207452469359
0.275   0.172613223433217
0.3   0.183258726741004
0.325   0.193166492183569
0.35   0.202358545215727
0.375   0.21085642181412
0.4   0.218681174757315
0.425   0.225853382460018
0.45   0.23239316149388
0.475   0.238320170487478
0.5   0.243653624735521
0.525   0.248412300033027
0.55   0.252614543792942
0.575   0.256278281664024
0.6   0.259421028327771
0.625   0.2620598926861
0.65   0.264211587633927
0.675   0.265892437228521
0.7   0.26711838401735
0.725   0.267904996984743
0.75   0.268267479570988
0.775   0.268220675466824
0.8   0.267779076381101
0.825   0.266956828914574
0.85   0.265767742669427
0.875   0.264225294254717
0.9   0.262342637014831
0.925   0.260132605296039
0.95   0.257607721130778
0.975   0.254780202371877
1   0.251661966368557
1.025   0.248264637312901
1.05   0.244599551460985
1.075   0.240677764545186
1.1   0.236510054971367
1.125   0.232106932086796
1.15   0.227478639303371
1.175   0.222635161474551
1.2   0.217586229207472
1.225   0.212341324449326
1.25   0.206909684751878
1.275   0.201300309720627
1.3   0.195521964748231
1.325   0.189583186474265
1.35   0.183492287477325
1.375   0.177257360213193
1.4   0.170886282844883
1.425   0.164386723477479
1.45   0.157766143735077
1.475   0.151031803643729
1.5   0.144190765873783
1.525   0.137249900490159
1.55   0.130215886806286
1.575   0.123095221390368
1.6   0.11589421716409
1.625   0.108619011823478
1.65   0.10127556860733
1.675   0.0938696811316373
1.7   0.0864069776255116
1.725   0.0788929226568924
1.75   0.0713328233596811
1.775   0.0637318295073813
1.8   0.0560949403032239
1.825   0.0484270056158862
1.85   0.0407327298447758
1.875   0.0330166755191982
1.9   0.0252832652700825
1.925   0.0175367862678558
1.95   0.00978139223460845
1.975   0.00202110749101743
2   -0.00574017124134726
2.025   -0.013498672395138
2.05   -0.0212507440639921
2.075   -0.028992854334672
2.1   -0.0367215869915828
2.125   -0.0444336391975953
2.15   -0.0521258191740821
2.175   -0.0597950433042605
2.2   -0.0674383334681118
2.225   -0.0750528149750538
2.25   -0.0826357146034052
2.275   -0.0901843568608621
2.3   -0.0976961634740443
2.325   -0.105168649249973
2.35   -0.112599421900174
2.375   -0.119986177040957
2.4   -0.127326700073985
2.425   -0.134618860055334
2.45   -0.141860610186751
2.475   -0.149049984358671
2.5   -0.156185097115166
2.525   -0.163264139064919
2.55   -0.170285377908531
2.575   -0.177247153675515
2.6   -0.184147878580813
2.625   -0.19098603571251
2.65   -0.197760176102648
2.675   -0.204468917758047
2.7   -0.211110942974057
2.725   -0.217684998289025
2.75   -0.224189891774932
2.775   -0.23062449144633
2.8   -0.23698772426828
2.825   -0.243278574311564
2.85   -0.249496080825665
2.875   -0.255639338068848
2.9   -0.261707492688234
2.925   -0.26769974338956
2.95   -0.273615337824716
2.975   -0.279453573231486
3   -0.285213794199622
3.025   -0.290895390915873
3.05   -0.296497799479876
3.075   -0.302020498489062
3.1   -0.307463009489062
3.125   -0.31282489575214
3.15   -0.318105760278315
3.175   -0.323305245219046
3.2   -0.328423030412139
3.225   -0.333458833094755
3.25   -0.338412405904853
3.275   -0.343283536077352
3.3   -0.348072044959403
3.325   -0.352777786375019
3.35   -0.357400645823375
3.375   -0.361940540553794
3.4   -0.366397416532305
3.425   -0.370771249234698
3.45   -0.375062042966866
3.475   -0.379269828241211
3.5   -0.383394662655901
3.525   -0.387436628622472
3.55   -0.391395834455213
3.575   -0.395272411035115
3.6   -0.39906651396379
3.625   -0.402778320224291
3.65   -0.406408028939498
3.675   -0.409955860252679
3.7   -0.413422054783092
3.725   -0.416806871957969
3.75   -0.420110590733453
3.775   -0.423333508401796
3.8   -0.426475939025552
3.825   -0.429538214233825
3.85   -0.432520682456889
3.875   -0.435423707258263
3.9   -0.438247667356031
3.925   -0.440992956208533
3.95   -0.443659981458361
3.975   -0.446249163943037
4   -0.448760937308423
4.025   -0.451195748277501
4.05   -0.453554054278692
4.075   -0.455836325831395
4.1   -0.458043043147031
4.125   -0.460174697089866
4.15   -0.462231788563022
4.175   -0.464214828056108
4.2   -0.466124335133916
4.225   -0.467960838218709
4.25   -0.469724873405002
4.275   -0.471416985363258
4.3   -0.473037725955779
4.325   -0.474587653751319
4.35   -0.476067334446169
4.375   -0.477477339228218
4.4   -0.478818246184421
4.425   -0.480090638394673
4.45   -0.481295104525227
4.475   -0.482432237627588
4.5   -0.483502635948645
4.525   -0.48450690186151
4.55   -0.485445641385097
4.575   -0.486319464459069
4.6   -0.487128984312889
4.625   -0.487874817267683
4.65   -0.488557582126248
4.675   -0.489177900907621
4.7   -0.489736397330729
4.725   -0.490233697115465
4.75   -0.490670428259685
4.775   -0.491047220050502
4.8   -0.49136470308156
4.825   -0.491623508895749
4.85   -0.491824269812313
4.875   -0.491967619138041
4.9   -0.492054189780141
4.925   -0.492084616222812
4.95   -0.492059531446692
4.975   -0.491979569522525
5   -0.491845364038025
5.025   -0.491657546719582
5.05   -0.491416750514378
5.075   -0.491123606095017
5.1   -0.490778743458713
5.125   -0.490382791623356
5.15   -0.489936377991585
5.175   -0.489440128614363
5.2   -0.488894668040534
5.225   -0.48830061873793
5.25   -0.487658600996161
5.275   -0.486969233707771
5.3   -0.486233133695252
5.325   -0.485450914762143
5.35   -0.484623188449476
5.375   -0.483750564324583
5.4   -0.482833648785887
5.425   -0.4818730457367
5.45   -0.480869355872886
5.475   -0.479823177046404
5.5   -0.478735104387981
5.525   -0.477605729932462
5.55   -0.476435642164516
5.575   -0.475225426266318
5.6   -0.473975664294448
5.625   -0.472686934679744
5.65   -0.471359812246112
5.675   -0.469994868288106
5.7   -0.468592670278436
5.725   -0.467153782276888
5.75   -0.465678764231087
5.775   -0.464168171923178
5.8   -0.462622558166279
5.825   -0.461042470778421
5.85   -0.459428454002308
5.875   -0.457781048043605
5.9   -0.456100789270587
5.925   -0.454388208408416
5.95   -0.452643834173936
5.975   -0.450868189078757
6   -0.44906179255557
6.025   -0.447225158920835
6.05   -0.44535879863171
6.075   -0.443463217293437
6.1   -0.441538916421171
6.125   -0.439586393558689
6.15   -0.437606140495016
6.175   -0.43559864548384
6.2   -0.433564391825654
6.225   -0.431503858437562
6.25   -0.429417519789875
6.275   -0.427305845228878
6.3   -0.425169299997654
6.325   -0.423008344268498
6.35   -0.420823434359658
6.375   -0.41861502100352
6.4   -0.416383550927528
6.425   -0.414129466115131
6.45   -0.411853203402178
6.475   -0.409555195363953
6.5   -0.407235869657423
6.525   -0.404895649667529
6.55   -0.402534953446171
6.575   -0.400154194774979
6.6   -0.397753783038307
6.625   -0.395334121938225
6.65   -0.392895611788571
6.675   -0.390438647030264
6.7   -0.387963618377617
6.725   -0.385470910990799
6.75   -0.382960906195559
6.775   -0.380433980046805
6.8   -0.377890504069429
6.825   -0.375330845660806
6.85   -0.372755366460443
6.875   -0.370164424576457
6.9   -0.367558373150907
6.925   -0.364937560890992
6.95   -0.362302331448006
6.975   -0.359653024310727
7   -0.356989974351275
7.025   -0.354313511553435
7.05   -0.351623961819746
7.075   -0.348921646139874
7.1   -0.346206881349852
7.125   -0.343479979437827
7.15   -0.34074124900142
7.175   -0.337990992496263
7.2   -0.335229509451836
7.225   -0.332457093856769
7.25   -0.329674036279664
7.275   -0.326880622062875
7.3   -0.324077132756259
7.325   -0.321263845766695
7.35   -0.318441033763422
7.375   -0.31560896498608
7.4   -0.312767904102726
7.425   -0.309918110814326
7.45   -0.307059841225045
7.475   -0.304193346899217
7.5   -0.30131887520691
7.525   -0.298436669441996
7.55   -0.295546968970984
7.575   -0.292650009315288
7.6   -0.289746020794701
7.625   -0.286835230879017
7.65   -0.283917862468523
7.675   -0.280994134488454
7.7   -0.278064262364559
7.725   -0.275128456809601
7.75   -0.272186925106484
7.775   -0.269239870445794
7.8   -0.266287492623987
7.825   -0.263329986651526
7.85   -0.260367544749026
7.875   -0.257400354766531
7.9   -0.254428600979582
7.925   -0.251452463671621
7.95   -0.248472120146966
7.975   -0.245487743083065
8   -0.242499501834498
8.025   -0.239507562452611
8.05   -0.236512086854714
8.075   -0.233513234107551
8.1   -0.230511159341696
8.125   -0.227506013620705
8.15   -0.224497945011136
8.175   -0.221487098756949
8.2   -0.218473615466911
8.225   -0.215457633024763
8.25   -0.212439285386625
8.275   -0.209418704125803
8.3   -0.206396016574242
8.325   -0.203371347263041
8.35   -0.20034481703313
8.375   -0.197316543425749
8.4   -0.194286641075345
8.425   -0.19125522156883
8.45   -0.188222392756862
8.475   -0.185188259854795
8.5   -0.182152924086462
8.525   -0.179116484801557
8.55   -0.176079037641045
8.575   -0.173040675049389
8.6   -0.170001486490479
8.625   -0.166961558338885
8.65   -0.163920974665809
8.675   -0.160879815802571
8.7   -0.157838159143222
8.725   -0.154796080031074
8.75   -0.151753649281815
8.775   -0.148710937391465
8.8   -0.145668009909262
8.825   -0.142624929807898
8.85   -0.139581757898022
8.875   -0.136538552314193
8.9   -0.133495367737308
8.925   -0.1304522565096
8.95   -0.127409268389194
8.975   -0.124366450165549
9   -0.121323846476217
9.025   -0.118281499079347
9.05   -0.115239447088928
9.075   -0.112197726418208
9.1   -0.109156371861073
9.125   -0.106115413665063
9.15   -0.103074881371544
9.175   -0.10003480132846
9.2   -0.0969951976604447
9.225   -0.0939560912250345
9.25   -0.0909175014966178
9.275   -0.0878794452635621
9.3   -0.0848419366076218
9.325   -0.0818049869282913
9.35   -0.0787686056329313
9.375   -0.0757328003158998
9.4   -0.0726975753618044
9.425   -0.0696629339330995
9.45   -0.0666288753973647
9.475   -0.0635953983365776
9.5   -0.0605624984219736
9.525   -0.05753016907625
9.55   -0.0544984014353413
9.575   -0.0514671847329358
9.6   -0.0484365061179095
9.625   -0.0454063502904158
9.65   -0.0423766997787261
9.675   -0.0393475349063972
9.7   -0.0363188343669924
9.725   -0.0332905748319038
9.75   -0.0302627298536774
9.775   -0.0272352721164449
9.8   -0.0242081721833918
9.825   -0.0211813976484924
9.85   -0.0181549148947708
9.875   -0.0151286877694269
9.9   -0.012102678735071
9.925   -0.00907684809818438
9.95   -0.00605115421015076
9.975   -0.00302555336416324


0.025   -0.0247433815195296
0.05   -0.0482467670873175
0.075   -0.0705384693608023
0.1   -0.091646469990063
0.125   -0.111598416975475
0.15   -0.130421625692153
0.175   -0.148143084955311
0.2   -0.164789449135951
0.225   -0.180387047920693
0.25   -0.194961883197527
0.275   -0.208539629085817
0.3   -0.221145636625389
0.325   -0.232804932646775
0.35   -0.243542221271135
0.375   -0.25338188471996
0.4   -0.262347986836914
0.425   -0.270464271547764
0.45   -0.277754165631584
0.475   -0.284240779928879
0.5   -0.28994691029219
0.525   -0.294895039192555
0.55   -0.299107337934027
0.575   -0.302605666615532
0.6   -0.305411576253429
0.625   -0.307546310389476
0.65   -0.309030807356934
0.675   -0.309885699280667
0.7   -0.310131316567067
0.725   -0.309787687423091
0.75   -0.30887454028859
0.775   -0.30741130515286
0.8   -0.305417116015609
0.825   -0.302910811009112
0.85   -0.299910934395342
0.875   -0.296435740104667
0.9   -0.292503190971098
0.925   -0.288130961168025
0.95   -0.283336438883995
0.975   -0.278136727002416
1   -0.272548645133236
1.025   -0.266588732175917
1.05   -0.260273245955531
1.075   -0.253618167851026
1.1   -0.246639202776007
1.125   -0.239351780879337
1.15   -0.23177106022192
1.175   -0.223911928957346
1.2   -0.215789005534545
1.225   -0.207416643120844
1.25   -0.198808927474753
1.275   -0.189979684474874
1.3   -0.180942476319342
1.325   -0.17171060836965
1.35   -0.162297126729198
1.375   -0.15271482283749
1.4   -0.142976235951975
1.425   -0.133093653336585
1.45   -0.12307911250252
1.475   -0.11294440360232
1.5   -0.102701072739848
1.525   -0.0923604212221121
1.55   -0.0819335097914606
1.575   -0.0714311602904289
1.6   -0.0608639561590823
1.625   -0.050242246668426
1.65   -0.0395761482559594
1.675   -0.028875545146697
1.7   -0.0181500933872221
1.725   -0.00740922167175853
1.75   0.00333786554916494
1.775   0.0140821873276663
1.8   0.0248149826828527
1.825   0.0355277097712934
1.85   0.0462120427707123
1.875   0.0568598705375348
1.9   0.0674632938184887
1.925   0.0780146241700045
1.95   0.0885063805510786
1.975   0.0989312877341603
2   0.109282274953156
2.025   0.119552472443562
2.05   0.129735210158155
2.075   0.139824015031471
2.1   0.149812610400426
2.125   0.159694911869214
2.15   0.169465025750351
2.175   0.1791172476075
2.2   0.188646059711901
2.225   0.198046129239717
2.25   0.207312304869672
2.275   0.216439616050778
2.3   0.225423270618521
2.325   0.234258652104358
2.35   0.242941318398987
2.375   0.251466998096981
2.4   0.259831589857657
2.425   0.268031160531927
2.45   0.276061941392364
2.475   0.283920326879537
2.5   0.291602873222177
2.525   0.299106295005913
2.55   0.306427463960853
2.575   0.313563406068508
2.6   0.320511299865795
2.625   0.327268475313596
2.65   0.333832409785305
2.675   0.340200727352449
2.7   0.346371195683051
2.725   0.352341725078454
2.75   0.358110366376749
2.775   0.363675306322948
2.8   0.36903486964114
2.825   0.374187513155287
2.85   0.379131826521675
2.875   0.383866528389662
2.9   0.388390465460129
2.925   0.392702608885135
2.95   0.396802054824465
2.975   0.400688019099145
3   0.404359838071178
3.025   0.407816965520234
3.05   0.411058969872837
3.075   0.41408553331385
3.1   0.41689644943749
3.125   0.419491621045585
3.15   0.421871058127942
3.175   0.424034876932357
3.2   0.425983295779167
3.225   0.427716635101716
3.25   0.429235315196108
3.275   0.43053985374587
3.3   0.431630864012484
3.325   0.432509052709064
3.35   0.433175218543435
3.375   0.433630250539644
3.4   0.433875125475907
3.425   0.433910906113241
3.45   0.433738739457896
3.475   0.433359855054678
3.5   0.432775563880808
3.525   0.431987254196066
3.55   0.430996391229904
3.575   0.42980451707667
3.6   0.428413245566193
3.625   0.426824262173848
3.65   0.425039322092926
3.675   0.423060248947622
3.7   0.420888932622829
3.725   0.418527326416486
3.75   0.415977447439192
3.775   0.413241372883877
3.8   0.410321240033887
3.825   0.407219243587508
3.85   0.403937633504863
3.875   0.400478714657463
3.9   0.396844844212398
3.925   0.393038430218676
3.95   0.389061929846742
3.975   0.384917847924137
4   0.380608736285825
4.025   0.376137190253673
4.05   0.371505847788198
4.075   0.366717389151958
4.1   0.361774533430789
4.125   0.356680038673342
4.15   0.35143669948724
4.175   0.346047344811186
4.2   0.340514837993513
4.225   0.334842075270503
4.25   0.329031982738386
4.275   0.323087515642645
4.3   0.317011657148558
4.325   0.310807417980535
4.35   0.304477831541887
4.375   0.29802595739265
4.4   0.291454875896833
4.425   0.284767688606575
4.45   0.277967516127084
4.475   0.271057498328253
4.5   0.264040790455721
4.525   0.256920564707491
4.55   0.249700006555343
4.575   0.242382314923536
4.6   0.23497070006694
4.625   0.227468383229831
4.65   0.219878594249252
4.675   0.212204571543063
4.7   0.204449559827169
4.725   0.196616809238641
4.75   0.188709575207726
4.775   0.180731115893679
4.8   0.172684691997505
4.825   0.164573563922433
4.85   0.156400993602146
4.875   0.148170241027824
4.9   0.139884563578611
4.925   0.131547216271792
4.95   0.123161448230349
4.975   0.114730504348194
5   0.106257623320874
5.025   0.0977460351725845
5.05   0.0891989618911124
5.075   0.080619616316557
5.1   0.0720112012561523
5.125   0.0633769067418067
5.15   0.0547199123927588
5.175   0.0460433831866414
5.2   0.0373504706077875
5.225   0.02864431160965
5.25   0.0199280265933226
5.275   0.0112047192798276
5.3   0.00247747625049374
5.325   -0.00625063357738233
5.35   -0.0149765625306253
5.375   -0.0236972806929688
5.4   -0.0324097798406647
5.425   -0.0411110726867464
5.45   -0.0497981953977332
5.475   -0.0584682054224382
5.5   -0.0671181853782728
5.525   -0.0757452409202889
5.55   -0.0843465041147621
5.575   -0.092919131244979
5.6   -0.101460306164833
5.625   -0.109967239332567
5.65   -0.118437168445936
5.675   -0.126867360420955
5.7   -0.13525511017303
5.725   -0.143597742415457
5.75   -0.15189261153064
5.775   -0.160137103123661
5.8   -0.168328633125021
5.825   -0.176464649212144
5.85   -0.184542632076839
5.875   -0.192560093811278
5.9   -0.20051458051557
5.925   -0.208403671559034
5.95   -0.216224980160749
5.975   -0.223976153632063
6   -0.231654875357555
6.025   -0.239258863088572
6.05   -0.246785870501956
6.075   -0.254233687325986
6.1   -0.261600140340843
6.125   -0.268883092182191
6.15   -0.276080443179066
6.175   -0.28319013099181
6.2   -0.290210130566504
6.225   -0.297138456392828
6.25   -0.303973160234592
6.275   -0.310712332665316
6.3   -0.317354103027465
6.325   -0.323896640875016
6.35   -0.330338153909679
6.375   -0.336676890344237
6.4   -0.342911137400778
6.425   -0.349039222841019
6.45   -0.355059515272886
6.475   -0.36097042362028
6.5   -0.36677039612166
6.525   -0.372457922856362
6.55   -0.37803153439854
6.575   -0.383489802996546
6.6   -0.388831341093855
6.625   -0.39405480299383
6.65   -0.399158883936772
6.675   -0.40414232076469
6.7   -0.409003891977801
6.725   -0.413742417317423
6.75   -0.418356758193137
6.775   -0.422845817679423
6.8   -0.427208539941397
6.825   -0.431443911797692
6.85   -0.435550960941325
6.875   -0.439528757612441
6.9   -0.443376412300999
6.925   -0.447093077787718
6.95   -0.45067794863376
6.975   -0.454130260787681
7   -0.457449291737219
7.025   -0.460634360135952
7.05   -0.463684825389735
7.075   -0.466600089060164
7.1   -0.469379593845702
7.125   -0.472022822742751
7.15   -0.474529299781873
7.175   -0.476898589641396
7.2   -0.479130298406602
7.225   -0.481224071994348
7.25   -0.483179596667669
7.275   -0.484996598559726
7.3   -0.486674844651072
7.325   -0.488214140805402
7.35   -0.489614332998679
7.375   -0.490875306327026
7.4   -0.491996984950299
7.425   -0.492979333241485
7.45   -0.493822352500954
7.475   -0.494526083919286
7.5   -0.495090606262213
7.525   -0.495516036778334
7.55   -0.49580253008223
7.575   -0.495950278844401
7.6   -0.495959512620967
7.625   -0.495830497421498
7.65   -0.49556353753057
7.675   -0.495158972608138
7.7   -0.494617177912211
7.725   -0.49393856556454
7.75   -0.493123582904355
7.775   -0.492172711903092
7.8   -0.491086469963733
7.825   -0.489865409239699
7.85   -0.488510115509184
7.875   -0.487021208677184
7.9   -0.485399342137696
7.925   -0.483645202603935
7.95   -0.481759509140153
7.975   -0.479743014388881
8   -0.477596501598298
8.025   -0.475320786542569
8.05   -0.47291671660257
8.075   -0.470385169381311
8.1   -0.467727053449206
8.125   -0.464943307801027
8.15   -0.462034900467468
8.175   -0.459002829441421
8.2   -0.455848121887696
8.225   -0.452571832692008
8.25   -0.449175046037239
8.275   -0.445658872128765
8.3   -0.442024450705055
8.325   -0.438272946509031
8.35   -0.434405551512937
8.375   -0.430423483571612
8.4   -0.426327986673632
8.425   -0.422120329201398
8.45   -0.41780180447002
8.475   -0.413373729673562
8.5   -0.408837447337829
8.525   -0.40419432145179
8.55   -0.399445739834386
8.575   -0.394593112825346
8.6   -0.389637872530092
8.625   -0.384581472483589
8.65   -0.379425388352019
8.675   -0.374171114302069
8.7   -0.368820166570311
8.725   -0.363374080109207
8.75   -0.357834409608868
8.775   -0.352202728082403
8.8   -0.346480627177604
8.825   -0.340669715830832
8.85   -0.334771620677068
8.875   -0.328787985113806
8.9   -0.322720469005982
8.925   -0.316570747835807
8.95   -0.310340512739669
8.975   -0.304031469513521
9   -0.297645338622576
9.025   -0.291183854709389
9.05   -0.284648765229487
9.075   -0.278041831277684
9.1   -0.271364825697828
9.125   -0.264619534797928
9.15   -0.257807754741338
9.175   -0.250931294084933
9.2   -0.243991971175605
9.225   -0.236991614803907
9.25   -0.229932063592427
9.275   -0.222815164735164
9.3   -0.215642774281234
9.325   -0.208416756932451
9.35   -0.201138984578741
9.375   -0.193811337014569
9.4   -0.186435700025676
9.425   -0.179013965807896
9.45   -0.17154803279601
9.475   -0.164039804458186
9.5   -0.156491189464774
9.525   -0.148904099887752
9.55   -0.141280453003601
9.575   -0.133622169217049
9.6   -0.125931171344223
9.625   -0.118209385565004
9.65   -0.110458739434184
9.675   -0.102681162388303
9.7   -0.0948785849480395
9.725   -0.0870529385376407
9.75   -0.0792061545964153
9.775   -0.0713401650435676
9.8   -0.0634569002211565
9.825   -0.0555582897915678
9.85   -0.047646261841152
9.875   -0.0397227427219493
9.9   -0.0317896559770063
9.925   -0.0238489225197619
9.95   -0.0159024600510249
9.975   -0.00795218259432244


0.025   -0.0296129460711874
0.05   -0.0577302506175621
0.075   -0.0843750629009731
0.1   -0.109570897099573
0.125   -0.133341610291871
0.15   -0.155711380454068
0.175   -0.17670470670157
0.2   -0.19634637173486
0.225   -0.214661442126151
0.25   -0.231675246673354
0.275   -0.247413353239648
0.3   -0.261901564961683
0.325   -0.275165893899479
0.35   -0.287232548795974
0.375   -0.298127918663906
0.4   -0.307878557798685
0.425   -0.316511167115796
0.45   -0.324052580694117
0.475   -0.330529748860652
0.5   -0.335969722495832
0.525   -0.340399636917366
0.55   -0.343846698978463
0.575   -0.346338167212069
0.6   -0.34790134224275
0.625   -0.348563544573549
0.65   -0.348352109354177
0.675   -0.347294359946855
0.7   -0.34541760474538
0.725   -0.342749113370847
0.75   -0.33931610790105
0.775   -0.33514574617489
0.8   -0.33026511039721
0.825   -0.324701189593995
0.85   -0.318480868997433
0.875   -0.311630916051549
0.9   -0.304177967437605
0.925   -0.296148513439012
0.95   -0.287568889766884
0.975   -0.278465261646244
1   -0.268863612468155
1.025   -0.258789731872897
1.05   -0.248269203205168
1.075   -0.237327393181602
1.1   -0.225989438771029
1.125   -0.214280238194333
1.15   -0.202224437039847
1.175   -0.189846420558768
1.2   -0.177170301305212
1.225   -0.164219912077001
1.25   -0.151018789903104
1.275   -0.13759017395572
1.3   -0.1239569892018
1.325   -0.110141844762881
1.35   -0.0961670169596693
1.375   -0.0820544461537737
1.4   -0.0678257286819495
1.425   -0.0535021056956357
1.45   -0.0391044577601226
1.475   -0.0246532967529346
1.5   -0.0101687586230849
1.525   0.00432940292398652
1.55   0.0188218231162617
1.575   0.0332895330730879
1.6   0.0477139655524881
1.625   0.0620769594753322
1.65   0.0763607658223168
1.675   0.0905480541937305
1.7   0.104621916050782
1.725   0.118565869513431
1.75   0.132363864882817
1.775   0.146000284877312
1.8   0.159459953548141
1.825   0.172728136359315
1.85   0.185790543115101
1.875   0.198633331065996
1.9   0.211243109522199
1.925   0.223606939276934
1.95   0.235712335629096
1.975   0.24754726996141
2   0.259100171576069
2.025   0.270359927484789
2.05   0.281315885458473
2.075   0.291957850670079
2.1   0.302276091083322
2.125   0.312261333303632
2.15   0.32190476394778
2.175   0.331198028254762
2.2   0.340133230699205
2.225   0.348702933159542
2.25   0.356900152303931
2.275   0.364718360547312
2.3   0.372151480550407
2.325   0.379193888972802
2.35   0.385840405607288
2.375   0.392086300305038
2.4   0.397927280802556
2.425   0.403359498043148
2.45   0.408379537337471
2.475   0.412984417552722
2.5   0.417171584780192
2.525   0.420938911266497
2.55   0.424284689861219
2.575   0.427207629258979
2.6   0.429706848884085
2.625   0.431781875838233
2.65   0.433432638315407
2.675   0.43465946249573
2.7   0.435463064363987
2.725   0.435844544953847
2.75   0.435805386459421
2.775   0.435347443068781
2.8   0.434472938538486
2.825   0.4331844562546
2.85   0.43148493582658
2.875   0.42937766346472
2.9   0.426866269860448
2.925   0.423954718259335
2.95   0.420647299649496
2.975   0.41694862552722
3   0.412863621048186
3.025   0.408397516633215
3.05   0.403555841301771
3.075   0.398344413972318
3.1   0.392769336995322
3.125   0.386836987882673
3.15   0.380554010907646
3.175   0.373927308154234
3.2   0.366964033925617
3.225   0.359671584613195
3.25   0.352057590380208
3.275   0.344129907962335
3.3   0.335896611934817
3.325   0.327365985105334
3.35   0.318546510699058
3.375   0.309446864536237
3.4   0.300075905242661
3.425   0.290442665802135
3.45   0.280556345849414
3.475   0.270426301506226
3.5   0.260062038218071
3.525   0.249473200712066
3.55   0.238669564632638
3.575   0.2276610283508
3.6   0.216457603518982
3.625   0.205069405903684
3.65   0.193506647832704
3.675   0.181779629144624
3.7   0.169898728297002
3.725   0.157874391975584
3.75   0.145717130923343
3.775   0.133437506552854
3.8   0.121046124413292
3.825   0.108553627162417
3.85   0.0959706834645811
3.875   0.0833079815789984
3.9   0.0705762186649276
3.925   0.0577860958061289
3.95   0.0449483069105345
3.975   0.0320735320859424
4   0.0191724294794342
4.025   0.00625562661413722
4.05   -0.00666628747234794
4.075   -0.0195827674446907
4.1   -0.0324833239121513
4.125   -0.0453575274174697
4.15   -0.0581950173806242
4.175   -0.0709855093442047
4.2   -0.083718801153155
4.225   -0.0963847814668135
4.25   -0.108973436372193
4.275   -0.121474856554159
4.3   -0.13387924317864
4.325   -0.146176914470962
4.35   -0.158358314805269
4.375   -0.170414017878602
4.4   -0.18233473384743
4.425   -0.194111315928528
4.45   -0.205734767438698
4.475   -0.217196243537236
4.5   -0.228487063071098
4.525   -0.239598708501941
4.55   -0.250522834096402
4.575   -0.261251270703579
4.6   -0.271776029442634
4.625   -0.282089309592812
4.65   -0.292183500347282
4.675   -0.30205118521798
4.7   -0.311685149253469
4.725   -0.321078382098298
4.75   -0.330224079901409
4.775   -0.339115651863921
4.8   -0.34774672274027
4.825   -0.356111135735137
4.85   -0.364202958933374
4.875   -0.372016483418372
4.9   -0.37954623075653
4.925   -0.386786953173646
4.95   -0.393733638320462
4.975   -0.400381509886152
5   -0.406726030787421
5.025   -0.412762904278436
5.05   -0.418488078363387
5.075   -0.423897744214443
5.1   -0.428988341194804
5.125   -0.4337565548169
5.15   -0.438199320939829
5.175   -0.442313824643307
5.2   -0.446097503091954
5.225   -0.449548042692631
5.25   -0.452663385142913
5.275   -0.455441722607528
5.3   -0.457881500685088
5.325   -0.459981416996182
5.35   -0.461740423099603
5.375   -0.46315772142568
5.4   -0.464232766923906
5.425   -0.464965264108351
5.45   -0.465355169272662
5.475   -0.465402686237245
5.5   -0.465108268274002
5.525   -0.464472613292671
5.55   -0.463496666892881
5.575   -0.462181614941327
5.6   -0.460528887335201
5.625   -0.458540151531897
5.65   -0.45621731444965
5.675   -0.453562516438553
5.7   -0.450578131543346
5.725   -0.447266763987589
5.75   -0.443631245148444
5.775   -0.439674630095829
5.8   -0.435400197520921
5.825   -0.430811443079701
5.85   -0.425912077200683
5.875   -0.420706024005863
5.9   -0.415197413673858
5.925   -0.40939058295527
5.95   -0.403290068303717
5.975   -0.396900603667617
6   -0.390227115076194
6.025   -0.383274719806023
6.05   -0.376048716594427
6.075   -0.368554587123418
6.1   -0.360797988300261
6.125   -0.352784748100683
6.15   -0.344520861474149
6.175   -0.336012485698127
6.2   -0.327265934813151
6.225   -0.318287675697216
6.25   -0.309084323844563
6.275   -0.299662635185359
6.3   -0.29002950419911
6.325   -0.280191957358036
6.35   -0.27015714786796
6.375   -0.259932350943105
6.4   -0.24952495766105
6.425   -0.238942469124006
6.45   -0.228192494054148
6.475   -0.21728274010081
6.5   -0.206221007829268
6.525   -0.195015187624344
6.55   -0.183673253248959
6.575   -0.172203255000615
6.6   -0.160613315071497
6.625   -0.148911621333704
6.65   -0.137106422275201
6.675   -0.125206021138669
6.7   -0.113218768910772
6.725   -0.101153060400306
6.75   -0.0890173261737888
6.775   -0.0768200288841343
6.8   -0.0645696570836535
6.825   -0.0522747175286243
6.85   -0.0399437317625922
6.875   -0.0275852301767222
6.9   -0.0152077440732158
6.925   -0.00281980133107291
6.95   0.00957007795999302
6.975   0.0219533899573559
7   0.0343216511507041
7.025   0.0466664018859295
7.05   0.0589792180565005
7.075   0.0712517104817044
7.1   0.0834755315188064
7.125   0.0956423839934731
7.15   0.10774402433329
7.175   0.119772267349756
7.2   0.131718991301994
7.225   0.143576145336775
7.25   0.155335752562334
7.275   0.166989916290212
7.3   0.178530823623668
7.325   0.189950752908308
7.35   0.201242076689209
7.375   0.212397267241667
7.4   0.223408901135861
7.425   0.234269662884141
7.45   0.244972351803388
7.475   0.255509884573661
7.5   0.265875300060807
7.525   0.276061763743621
7.55   0.286062572787669
7.575   0.295871158639853
7.6   0.305481093174797
7.625   0.314886088795416
7.65   0.324080006366275
7.675   0.333056855279282
7.7   0.341810801683529
7.725   0.35033616698072
7.75   0.358627433626068
7.775   0.366679248507627
7.8   0.374486426718505
7.825   0.382043951739535
7.85   0.389346981644318
7.875   0.396390848622231
7.9   0.403171064671166
7.925   0.409683322644893
7.95   0.415923498996394
7.975   0.421887655648132
8   0.427572042936869
8.025   0.432973100290168
8.05   0.438087459382068
8.075   0.442911946359635
8.1   0.447443581257954
8.125   0.451679581600856
8.15   0.455617362742963
8.175   0.459254540217804
8.2   0.462588929585722
8.225   0.465618548180053
8.25   0.468341615841337
8.275   0.470756555713723
8.3   0.472861993355351
8.325   0.474656760515044
8.35   0.476139893216775
8.375   0.477310630882808
8.4   0.478168419348031
8.425   0.478712907789454
8.45   0.47894395152607
8.475   0.478861609171823
8.5   0.478466143723922
8.525   0.477758021034828
8.55   0.476737910404585
8.575   0.475406681832601
8.6   0.473765407235032
8.625   0.471815357837999
8.65   0.469558002508538
8.675   0.46699500862953
8.7   0.464128239146289
8.725   0.460959750891176
8.75   0.457491793535604
8.775   0.453726806932714
8.8   0.449667420639227
8.825   0.445316450640166
8.85   0.440676897464477
8.875   0.435751943417799
8.9   0.430544952261956
8.925   0.425059463706031
8.95   0.419299193668538
8.975   0.413268030541388
9   0.406970030655201
9.025   0.400409418448242
9.05   0.393590581261807
9.075   0.386518067101838
9.1   0.37919658183533
9.125   0.371630984913383
9.15   0.363826286178524
9.175   0.355787643909806
9.2   0.347520358465264
9.225   0.339029871792349
9.25   0.330321762063384
9.275   0.321401739864387
9.3   0.312275645147542
9.325   0.302949441595244
9.35   0.293429215594648
9.375   0.283721169364289
9.4   0.273831617820504
9.425   0.263766984312747
9.45   0.253533797137828
9.475   0.243138684219564
9.5   0.232588370456366
9.525   0.221889671077403
9.55   0.21104948834242
9.575   0.200074805394319
9.6   0.188972685993342
9.625   0.177750265123478
9.65   0.166414747482892
9.675   0.154973400563615
9.7   0.143433553075972
9.725   0.131802587597283
9.75   0.120087937255463
9.775   0.108297078963371
9.8   0.0964375300061202
9.825   0.0845168445279472
9.85   0.0725426069552272
9.875   0.0605224274779665
9.9   0.0484639383896271
9.925   0.0363747879282381
9.95   0.0242626365995359
9.975   0.0121351508513909


