0 1.02
10 2.43
20 2.20
30 1.11
40 1.82
50 2.29
60 2.50
70 2.10
80 2.80
90 2.66
100 2.76
110 3.05
120 3.21
130 3.63
140 3.56
150 4.28
160 4.82
170 4.69
180 5.78
190 6.11
200 7.34
210 7.31
220 7.77
230 9.21
240 9.78
250 11.24
260 12.31
270 12.21
280 13.31
290 14.85
300 15.80
310 17.30
320 18.60
330 19.81
340 21.57
350 22.90
360 24.48
370 26.05
380 29.53
390 29.53
400 30.50
410 33.01
420 38.33
430 41.53
440 43.42
450 46.07
460 47.51
470 50.47
480 53.85
490 55.82
500 61.00
510 64.68
520 67.03
530 68.51
540 70.07
550 72.80
560 74.23
570 76.06
580 77.46
590 89.90
600 93.13
610 95.89
620 98.24
630 101.56
640 104.61
650 106.38
660 108.54
670 118.19
680 120.71
690 122.79
700 125.17
710 126.92
720 128.43
730 129.70
740 130.97
750 131.49
