0   0
0.5   0.520499878
1   0.842700793
1.5   0.966105146
2   0.995322265
2.5   0.999593048
3   0.99997791
3.5   0.999999257


-5 -0.999999999998991
-4.9 -0.999999999997169
-4.8 -0.999999999992211
-4.7 -0.999999999978992
-4.6 -0.999999999944458
-4.5 -0.999999999856043
-4.4 -0.999999999634219
-4.3 -0.999999999088853
-4.2 -0.999999997774958
-4.1 -0.9999999946731
-4 -0.99999998749738
-3.9 -0.999999971231184
-3.8 -0.999999935100431
-3.7 -0.999999856462596
-3.6 -0.99999968875912
-3.5 -0.999999338329936
-3.4 -0.999998620870979
-3.3 -0.999997181666719
-3.2 -0.999994353107064
-3.1 -0.999988906656609
-3 -0.999978632326396
-2.9 -0.999959644723288
-2.8 -0.99992526941427
-2.7 -0.999864306726765
-2.6 -0.999758405368091
-2.5 -0.999578213503831
-2.4 -0.99927792527529
-2.3 -0.9987878297982
-2.2 -0.998004529900172
-2.1 -0.99677866822126
-2 -0.994900318508938
-1.9 -0.99208270005609
-1.8 -0.989154184273649
-1.7 -0.983908575962058
-1.6 -0.976552972126066
-1.5 -0.966440566449617
-1.4 -0.952809572542964
-1.3 -0.934793349053338
-1.2 -0.910917133763266
-1.1 -0.881077828610321
-1 -0.842729958487199
-0.9 -0.79689092483162
-0.8 -0.74208663985377
-0.7 -0.677791154283859
-0.6 -0.603850136707248
-0.5 -0.520450833623745
-0.4 -0.4283738939975
-0.3 -0.328621906874903
-0.2 -0.222701903548297
-0.1 -0.112462893687391
0 0
0.1 0.112462893687391
0.2 0.222701903548297
0.3 0.328621906874903
0.4 0.4283738939975
0.5 0.520450833623745
0.6 0.603850136707248
0.7 0.677791154283859
0.8 0.74208663985377
0.9 0.79689092483162
1 0.842729958487199
1.1 0.881077828610321
1.2 0.910917133763266
1.3 0.934793349053338
1.4 0.952809572542964
1.5 0.966440566449617
1.6 0.976552972126066
1.7 0.983908575962058
1.8 0.989154184273649
1.9 0.99208270005609
2 0.994900318508938
2.1 0.99677866822126
2.2 0.998004529900172
2.3 0.9987878297982
2.4 0.99927792527529
2.5 0.999578213503831
2.6 0.999758405368091
2.7 0.999864306726765
2.8 0.99992526941427
2.9 0.999959644723288
3 0.999978632326396
3.1 0.999988906656609
3.2 0.999994353107064
3.3 0.999997181666719
3.4 0.999998620870979
3.5 0.999999338329936
3.6 0.99999968875912
3.7 0.999999856462596
3.8 0.999999935100431
3.9 0.999999971231184
4 0.99999998749738
4.1 0.9999999946731
4.2 0.999999997774958
4.3 0.999999999088853
4.4 0.999999999634219
4.5 0.999999999856043
4.6 0.999999999944458
4.7 0.999999999978992
4.8 0.999999999992211
4.9 0.999999999997169


0.1   0.000190425355946711
0.01   0.000190425355946711
0.001   2.9165487198668E-05
0.0001   4.29507406085605E-07
1E-05   2.81770963228567E-08
1E-06   1.19936094389317E-09


