0   0    0
0.125   0.000651041666666667    0.015625
0.261467730399879   0.00595844639609965    0.068365374040464
0.404306612640027   0.0220298367454993    0.163463837024453
0.552779575772611   0.0563034114857324    0.305565259391348
0.707928322316184   0.118262378194862    0.501162509537407
0.871471506668667   0.220616668298346    0.759462586935356
1.04540424238625   0.380830321912637    1.09287002999916
1.2318814308799   0.623139772930201    1.51753185974671
1.43321197927457   0.981318607170566    2.05409657753614
1.65189822807525   1.50254887361003    2.72876775591816
1.89069693990224   2.25291345715829    3.57473491855568
2.15269413476014   3.32526091659227    4.6340920378307
2.44139212954636   4.8505542454801    5.96039553021093
2.76080961990745   7.01436116992084    7.62206975737354
3.11559692287005   10.0809751452472    9.70694418579733
3.5111695052418   14.4289302228389    12.3283112945399
3.95386402464821   20.6036391066828    15.6330407254073
4.45112246015589   29.3959414576715    19.8124911553042
5.01171158161699   41.9601425482692    25.1172529773139
5.64598706204744   59.9926962857428    31.877169904807
6.3662140631658   86.0047540381509    40.5286814980499
7.18695926184007   123.741191832682    51.6523834313488
8.1255732480236   178.830163704937    66.0249406089968
9.20278731407077   259.798656412737    84.6912943480219
10   333.333333333333    100


0   0    0
0.125   0.000651041666666667    0.015625
0.261467730399879   0.00595844639609965    0.068365374040464
0.404306612640027   0.0220298367454993    0.163463837024453
0.552779575772611   0.0563034114857324    0.305565259391348
0.707928322316184   0.118262378194862    0.501162509537407
0.871471506668667   0.220616668298346    0.759462586935356
1.04540424238625   0.380830321912637    1.09287002999916
1.2318814308799   0.623139772930201    1.51753185974671
1.43321197927457   0.981318607170566    2.05409657753614
1.65189822807525   1.50254887361003    2.72876775591816
1.89069693990224   2.25291345715829    3.57473491855568
2.15269413476014   3.32526091659227    4.6340920378307
2.44139212954636   4.8505542454801    5.96039553021093
2.76080961990745   7.01436116992084    7.62206975737354
3.11559692287005   10.0809751452472    9.70694418579733
3.5111695052418   14.4289302228389    12.3283112945399
3.95386402464821   20.6036391066828    15.6330407254073
4.45112246015589   29.3959414576715    19.8124911553042
5.01171158161699   41.9601425482692    25.1172529773139
5.64598706204744   59.9926962857428    31.877169904807
6.3662140631658   86.0047540381509    40.5286814980499
7.18695926184007   123.741191832682    51.6523834313488
8.1255732480236   178.830163704937    66.0249406089968
9.20278731407077   259.798656412737    84.6912943480219
10   333.333333333333    100


0   0    0
0.125   0.000651041666666667    0.015625
0.261467730399879   0.00595844639609965    0.068365374040464
0.404306612640027   0.0220298367454993    0.163463837024453
0.552779575772611   0.0563034114857324    0.305565259391348
0.707928322316184   0.118262378194862    0.501162509537407
0.871471506668667   0.220616668298346    0.759462586935356
1.04540424238625   0.380830321912637    1.09287002999916
1.2318814308799   0.623139772930201    1.51753185974671
1.43321197927457   0.981318607170566    2.05409657753614
1.65189822807525   1.50254887361003    2.72876775591816
1.89069693990224   2.25291345715829    3.57473491855568
2.15269413476014   3.32526091659227    4.6340920378307
2.44139212954636   4.8505542454801    5.96039553021093
2.76080961990745   7.01436116992084    7.62206975737354
3.11559692287005   10.0809751452472    9.70694418579733
3.5111695052418   14.4289302228389    12.3283112945399
3.95386402464821   20.6036391066828    15.6330407254073
4.45112246015589   29.3959414576715    19.8124911553042
5.01171158161699   41.9601425482692    25.1172529773139
5.64598706204744   59.9926962857428    31.877169904807
6.3662140631658   86.0047540381509    40.5286814980499
7.18695926184007   123.741191832682    51.6523834313488
8.1255732480236   178.830163704937    66.0249406089968
9.20278731407077   259.798656412737    84.6912943480219
10   333.333333333333    100


